N=128
p=0.3
-
62 99
7 78
27 100
50 65
79 121
47 71
3 106
57 79
50 73
24 127
28 43
37 53
77 126
98 99
1 29
14 41
10 24
28 124
23 35
18 94
45 71
50 108
30 71
94 120
39 46
7 50
42 113
19 50
1 69
4 118
12 26
100 117
24 104
20 125
108 126
69 86
43 49
22 66
62 105
14 83
16 72
49 70
102 109
68 80
13 110
5 33
53 116
0 77
31 123
31 79
25 107
74 96
93 115
48 105
60 65
38 113
11 112
48 111
40 104
122 127
30 67
14 20
9 91
2 35
1 76
41 126
59 101
10 70
8 83
32 125
121 127
61 117
43 57
5 96
73 95
59 75
16 123
37 38
71 88
31 120
61 81
105 127
3 114
67 72
114 126
22 82
22 38
27 44
85 115
43 111
67 103
112 122
103 104
15 52
8 36
36 60
85 95
14 18
91 121
9 49
92 127
20 92
79 109
21 33
65 107
85 112
54 62
3 121
23 100
73 84
47 102
83 86
71 82
74 102
56 126
17 113
11 22
88 106
75 110
33 45
23 48
5 69
102 120
21 108
3 34
31 70
2 111
5 86
98 118
42 102
35 53
31 50
71 98
24 99
32 50
66 104
101 120
5 79
2 25
33 70
46 64
79 120
39 40
83 91
72 86
53 56
33 116
42 45
62 94
40 100
104 122
64 118
19 92
49 67
47 104
25 77
75 93
56 59
1 97
16 103
13 100
4 110
5 110
106 121
71 92
92 115
71 84
54 70
11 113
48 70
56 85
26 27
63 103
4 48
26 34
63 97
116 122
116 117
77 93
55 87
61 118
27 101
4 113
46 76
8 73
12 114
41 48
15 62
4 120
10 75
2 80
85 117
38 80
55 61
68 72
53 108
60 108
14 99
73 96
75 119
4 23
29 69
22 37
7 94
43 101
0 34
7 117
38 107
63 90
65 69
0 60
5 41
17 58
14 94
4 39
3 107
56 69
58 94
21 37
9 110
93 100
50 119
31 91
22 110
53 91
56 84
69 113
0 99
48 108
26 103
34 76
88 123
63 117
64 119
30 34
52 69
67 122
35 73
116 118
53 96
39 85
73 82
36 94
29 71
21 121
82 106
60 62
8 48
43 86
6 37
4 97
11 37
12 71
11 86
12 40
1 50
115 126
32 35
14 19
72 122
53 111
52 100
21 38
29 44
12 27
41 124
58 66
11 127
0 81
6 121
8 37
43 75
80 99
10 65
98 104
19 63
36 97
60 90
11 48
59 76
12 121
88 124
9 78
10 123
18 109
27 60
24 102
63 77
42 67
28 123
18 78
7 75
30 93
22 111
15 59
91 109
14 22
58 127
47 105
37 123
43 78
72 74
32 81
87 126
23 82
54 82
7 57
34 105
98 103
9 101
30 100
30 95
26 118
62 106
75 95
4 74
41 116
8 61
0 26
52 67
15 69
21 66
36 127
6 90
25 39
48 112
8 41
98 112
67 108
64 116
84 124
7 77
14 59
65 102
41 100
64 82
7 71
65 70
50 113
64 103
28 79
15 71
56 107
68 78
12 24
103 127
97 125
75 107
102 103
65 95
50 125
32 76
24 64
19 34
95 112
72 85
56 60
47 94
57 115
18 23
14 39
28 83
91 112
38 86
13 53
24 66
49 57
16 71
97 120
105 108
66 82
97 121
42 108
8 111
12 81
56 65
70 102
65 122
4 112
40 92
21 110
54 126
61 93
8 107
46 66
42 43
10 56
24 63
3 23
19 79
33 74
4 101
6 98
13 67
49 73
18 111
34 88
115 123
3 68
67 68
37 85
25 85
4 90
9 90
32 52
90 91
0 11
92 106
7 48
6 124
18 114
40 127
8 31
59 96
27 80
104 111
54 71
11 85
23 71
25 100
10 78
63 84
82 105
11 90
48 74
114 123
19 41
66 119
29 100
69 101
8 57
82 126
11 91
102 126
46 78
38 48
88 126
124 127
70 105
52 106
9 97
71 102
67 86
3 44
28 109
6 39
67 77
53 59
43 81
11 114
11 58
33 96
44 71
63 94
9 70
19 65
10 79
96 106
3 111
20 30
71 118
60 86
5 99
62 69
64 122
66 94
112 123
38 62
14 103
29 41
0 8
16 25
70 99
32 36
11 19
21 73
39 72
16 45
26 102
36 55
68 76
51 107
1 120
20 45
6 74
111 117
9 92
78 98
62 103
59 60
106 118
38 101
52 82
22 86
61 105
9 41
106 115
84 113
1 61
8 59
25 60
3 56
0 94
98 126
38 106
73 76
62 67
104 110
87 98
39 122
77 94
20 80
5 81
30 45
44 102
26 67
36 50
3 71
5 124
63 127
28 45
29 126
17 78
93 105
1 32
52 71
21 103
51 83
45 125
28 81
28 53
20 103
29 87
43 88
8 76
57 107
39 107
11 89
69 94
79 99
29 72
8 30
43 47
43 92
23 49
91 96
111 123
33 117
24 75
44 99
87 103
58 93
20 95
56 78
79 87
56 72
64 112
30 78
115 121
42 54
1 95
99 104
36 62
96 121
68 111
66 78
13 76
40 64
23 98
26 126
67 102
102 124
6 79
64 125
71 78
62 116
36 118
0 7
76 112
102 114
1 16
67 79
24 89
28 30
91 127
19 114
86 112
21 84
95 127
12 120
37 56
1 49
39 55
6 18
17 114
34 90
56 88
18 69
7 61
2 122
100 102
34 42
14 15
14 32
3 67
42 56
35 55
29 106
52 120
15 66
54 66
40 47
36 81
0 71
24 88
75 116
94 117
2 86
4 126
3 48
47 127
72 120
23 40
22 77
11 31
13 122
3 45
36 96
11 76
46 119
14 88
4 6
2 63
35 84
23 123
30 90
54 105
5 62
50 53
0 40
80 109
5 101
64 93
64 120
18 88
25 115
25 35
26 52
54 64
33 53
74 114
66 75
60 122
16 17
27 64
74 119
15 103
84 122
2 32
7 14
8 96
9 112
93 103
7 106
45 112
45 70
65 84
117 121
59 64
17 49
37 93
1 14
54 57
29 52
55 123
93 94
88 98
48 50
97 127
115 119
9 118
111 124
18 35
20 47
33 41
82 125
98 109
29 68
4 12
11 40
13 55
108 116
68 91
54 76
12 95
24 96
115 120
28 89
30 127
27 104
73 77
48 90
73 115
81 90
107 113
60 93
53 68
62 73
21 61
28 29
69 95
56 122
44 107
2 101
15 26
34 127
34 97
18 104
19 43
68 102
60 100
62 76
63 75
55 60
54 88
25 86
63 124
71 108
14 66
16 111
5 31
63 113
59 72
12 68
36 41
54 121
15 18
40 85
30 74
52 116
79 90
48 87
24 56
63 99
22 51
39 61
3 4
19 94
24 125
8 55
96 104
64 111
7 70
17 46
25 34
105 114
19 90
66 107
109 122
20 70
23 65
6 122
68 117
8 108
56 63
39 83
57 83
41 113
78 116
6 46
3 52
41 46
83 109
73 94
41 90
73 86
23 37
32 87
51 97
36 63
8 85
107 127
64 86
8 89
7 69
16 43
93 104
23 117
21 119
76 89
57 86
24 33
37 119
76 120
54 95
51 58
31 84
14 44
14 49
25 41
0 75
77 121
27 82
3 93
91 125
7 98
35 72
58 77
14 54
51 125
53 93
20 108
109 110
74 88
40 63
9 84
11 73
0 44
91 110
44 52
5 46
56 76
8 77
0 100
52 121
25 46
33 47
16 122
49 103
95 110
33 76
8 24
63 76
6 115
69 104
35 97
11 17
51 86
6 22
87 94
80 108
58 109
103 106
42 65
81 100
53 98
21 43
4 37
67 100
12 62
45 53
56 73
18 21
28 110
34 87
90 126
25 52
98 123
39 44
29 89
83 107
2 118
39 88
19 64
32 79
64 91
1 64
90 115
50 80
20 58
16 29
55 115
36 64
63 123
43 93
27 56
38 71
7 16
32 34
25 83
86 97
14 109
8 86
28 56
5 111
71 117
86 122
59 109
59 84
39 54
80 106
44 74
25 29
30 85
56 100
96 111
61 92
0 78
39 66
37 76
46 70
61 103
78 123
46 106
78 94
35 119
76 101
28 73
17 90
35 116
8 58
61 62
21 69
49 100
40 118
62 84
80 101
8 50
90 107
56 58
39 86
60 81
12 52
41 105
77 88
11 29
82 119
59 120
95 126
25 27
35 44
1 75
50 85
43 64
4 76
16 118
53 110
16 38
75 115
68 125
94 108
1 5
21 96
42 106
70 94
98 121
37 98
21 40
41 77
25 51
63 107
38 98
94 119
1 107
66 102
46 88
65 66
24 52
12 110
94 125
76 88
5 37
51 66
61 124
82 118
30 107
0 4
21 59
100 116
53 64
53 63
36 61
104 105
33 64
34 38
1 89
86 91
40 91
16 67
21 78
60 125
56 67
79 119
0 126
18 122
61 108
33 35
72 100
47 106
39 119
9 86
2 107
31 111
66 96
45 75
41 112
22 42
85 123
64 88
114 125
14 112
69 108
1 27
78 81
87 91
44 88
47 61
42 78
21 41
78 86
25 63
67 119
18 32
50 60
65 87
49 127
15 92
24 53
17 102
91 126
18 80
15 19
13 94
34 43
59 103
38 54
57 112
7 13
73 113
42 77
59 87
9 37
92 122
22 91
22 39
28 46
7 108
68 94
70 83
85 93
32 61
46 65
17 45
0 55
4 122
29 75
46 56
32 67
34 82
5 112
71 95
74 95
0 38
20 105
77 123
18 36
85 126
30 117
70 127
12 124
1 79
13 65
90 93
57 96
59 80
37 59
64 126
55 127
97 98
34 77
67 112
0 6
1 42
15 72
1 35
1 87
70 116
61 72
0 20
109 112
30 110
79 126
98 105
49 71
42 72
14 76
101 126
17 100
56 109
116 124
2 53
8 33
3 10
13 121
4 15
33 59
40 106
7 38
51 63
29 115
16 18
9 113
106 124
108 124
87 118
18 91
54 123
110 121
11 111
93 127
29 107
17 55
27 49
47 92
71 124
76 81
2 29
33 108
8 119
13 31
22 72
73 118
82 97
83 89
65 113
20 63
2 45
49 64
97 115
22 71
21 27
48 120
110 125
98 124
19 102
96 119
26 36
76 80
11 120
20 94
6 69
54 114
30 115
67 81
24 57
8 20
10 110
20 66
89 109
51 116
108 111
59 92
26 48
105 124
42 79
30 50
36 70
4 104
32 56
84 127
27 85
1 26
58 69
82 88
0 79
19 68
93 114
19 22
74 103
32 37
23 87
35 82
27 87
116 127
23 88
89 97
19 103
104 118
46 122
23 105
0 53
30 97
2 117
30 120
58 73
66 92
83 108
34 39
59 74
4 123
48 103
48 65
9 44
17 53
48 99
27 69
3 120
26 107
45 50
48 94
27 121
27 48
38 44
6 76
31 55
52 61
16 97
96 117
53 76
45 72
70 77
47 89
0 96
13 69
13 104
3 47
44 66
30 38
44 46
90 103
45 48
86 110
79 127
51 53
11 35
84 107
104 123
51 88
65 97
112 118
37 113
25 102
31 96
108 122
68 95
12 77
81 119
22 115
99 116
37 40
95 122
14 123
8 110
34 75
66 72
95 100
35 91
77 89
101 111
46 96
91 97
10 46
15 93
3 13
52 96
89 94
7 114
37 105
66 73
2 109
42 46
107 117
97 104
62 68
36 74
37 57
30 96
21 34
65 118
48 104
72 103
38 123
52 54
51 98
89 103
40 83
42 93
105 125
16 69
16 125
10 43
44 79
53 102
91 101
63 98
5 109
58 115
67 83
11 62
6 7
48 119
62 93
35 86
30 63
50 107
45 67
36 40
78 120
110 117
60 77
45 105
47 68
30 33
0 105
76 121
42 109
20 26
94 121
15 85
60 80
20 81
43 114
17 60
109 115
96 114
9 74
40 97
12 58
52 81
1 44
83 99
7 18
30 99
76 116
7 124
41 69
74 108
63 122
103 124
68 84
67 113
63 80
111 121
37 63
1 125
105 121
19 77
52 126
25 54
30 57
54 85
95 124
36 37
14 78
29 40
39 59
87 99
34 40
29 91
5 7
23 118
15 60
40 53
29 111
5 66
46 67
30 70
15 107
89 115
63 110
23 31
9 102
98 120
9 40
74 112
72 98
21 105
91 94
25 105
2 48
75 88
36 78
83 127
87 88
12 41
25 94
93 97
56 79
57 116
54 87
76 87
14 89
36 42
69 83
35 120
7 53
11 108
19 23
23 36
26 55
26 105
1 47
31 63
26 51
1 93
69 87
86 95
58 79
13 101
40 67
19 116
25 116
88 109
21 70
24 72
61 122
46 71
7 112
36 44
68 73
63 111
11 39
47 97
61 95
38 56
5 121
25 40
115 125
4 35
20 29
28 93
16 57
4 49
9 36
40 51
9 120
9 89
13 124
26 119
58 74
33 58
11 87
10 102
27 59
106 123
11 126
67 94
82 86
74 101
34 95
7 39
38 122
4 44
63 121
23 97
83 104
58 110
119 120
79 116
47 91
0 117
48 110
20 74
39 71
48 127
29 38
52 105
37 107
27 115
5 22
0 64
46 57
6 28
32 62
111 122
36 39
18 82
26 49
97 107
16 44
9 117
67 125
6 34
26 100
21 49
41 120
10 85
96 123
27 118
53 121
12 78
65 94
118 120
22 121
20 76
3 94
43 115
33 79
67 101
19 61
28 115
40 116
73 125
8 81
19 40
80 97
16 81
79 123
84 108
28 55
14 35
70 80
51 106
83 112
84 116
45 115
8 80
49 58
17 99
90 92
58 68
49 95
74 124
23 47
74 110
28 66
80 86
7 9
42 58
116 120
2 83
32 59
23 58
20 46
44 115
79 108
78 104
92 109
14 23
21 116
89 119
91 119
80 121
6 103
8 95
11 23
23 30
55 112
28 127
94 118
105 115
40 79
43 53
102 112
41 117
66 79
55 65
101 123
47 125
46 89
4 98
0 86
93 126
44 112
75 112
34 114
43 100
18 70
74 76
62 101
2 61
29 95
33 57
4 94
67 84
18 38
50 55
12 34
52 97
7 107
43 76
29 35
78 105
39 92
75 101
17 125
79 112
17 123
8 100
25 121
49 111
17 28
72 124
81 110
10 80
36 106
37 127
78 90
49 94
8 15
15 74
5 70
120 121
25 111
16 108
40 73
5 59
44 86
34 116
77 127
5 8
51 102
17 124
51 68
7 118
40 86
73 79
37 66
52 125
41 122
20 62
74 81
46 110
15 57
4 125
44 108
6 29
2 57
59 68
7 27
7 31
11 99
9 57
85 127
61 113
65 99
41 53
44 59
103 109
31 51
51 92
43 113
55 95
46 82
51 113
28 65
9 68
101 104
12 37
69 115
5 105
23 67
19 59
10 117
43 95
69 120
106 127
85 121
21 42
58 125
77 99
33 112
105 116
1 13
33 102
38 41
112 119
24 42
31 101
29 34
29 104
96 98
65 81
101 108
24 40
21 127
16 115
102 108
35 69
28 47
6 49
4 114
101 127
58 75
33 37
4 109
12 126
4 26
73 105
3 27
85 116
9 45
7 66
2 42
58 70
23 113
28 120
92 114
21 45
1 72
0 41
55 113
21 111
61 71
66 108
68 124
56 70
76 99
38 121
54 101
58 116
86 106
36 124
16 24
48 118
11 102
6 16
1 99
36 125
15 112
45 56
13 43
47 65
9 116
44 90
26 79
30 102
4 92
1 94
8 34
1 104
9 46
4 61
20 65
73 78
14 73
73 112
54 118
9 27
64 83
15 37
36 58
7 92
30 86
88 113
34 121
90 111
66 101
19 53
61 87
74 77
22 31
77 110
31 44
29 117
51 122
71 127
17 39
65 92
22 125
83 119
25 28
0 52
23 114
39 84
53 106
21 123
12 23
9 123
79 93
51 59
22 94
28 72
75 90
63 119
16 82
62 74
69 117
15 80
71 126
8 10
22 108
82 94
82 84
40 107
63 114
32 41
3 32
11 43
51 91
82 91
45 124
38 65
0 54
3 70
54 122
42 47
34 79
27 34
15 38
24 54
20 59
58 81
11 18
9 58
87 102
42 94
74 125
6 33
72 113
67 116
62 113
75 77
26 77
10 18
57 105
6 125
4 84
61 76
34 50
80 111
91 120
37 92
96 112
22 101
0 85
9 30
36 83
0 48
78 124
19 86
105 126
62 77
47 124
44 123
24 80
45 91
13 102
84 119
41 115
65 105
7 88
80 85
37 97
3 59
57 75
74 87
108 127
17 25
7 41
34 92
55 73
71 77
1 103
61 97
25 78
20 99
1 3
0 1
72 126
5 126
66 120
38 39
1 9
25 30
17 121
61 109
21 44
23 46
118 119
50 123
18 66
4 96
35 51
7 24
61 82
55 110
68 77
46 100
47 60
29 125
21 87
49 118
16 119
22 64
82 108
29 124
59 112
9 42
6 107
99 111
58 91
89 116
17 96
25 90
2 58
68 122
30 108
87 117
41 118
16 70
11 69
51 110
58 101
22 98
53 105
19 120
70 81
66 124
0 70
51 78
10 37
6 26
33 115
29 112
13 60
3 87
18 71
69 78
18 25
65 68
26 125
76 114
62 104
52 94
34 81
70 106
3 39
70 109
48 83
94 98
18 62
38 91
60 107
6 81
74 97
99 125
62 85
29 80
106 122
60 96
35 127
26 68
42 127
8 38
91 104
2 15
11 103
52 74
31 106
9 59
30 65
96 102
53 126
3 21
11 24
61 101
108 123
87 110
75 104
38 75
9 79
32 55
15 27
64 75
80 89
49 65
5 20
55 62
0 23
1 123
2 30
31 61
72 96
59 99
0 97
57 76
18 54
1 92
0 47
17 104
55 88
45 65
13 112
50 52
19 100
69 123
21 63
36 66
116 121
64 67
7 11
41 67
20 35
4 119
40 72
30 54
114 121
8 124
25 42
10 20
35 66
53 54
59 125
12 117
79 83
62 98
11 79
6 112
57 82
8 27
15 86
14 48
78 109
43 73
36 89
95 107
27 53
27 63
92 125
31 93
42 59
2 51
6 116
11 26
25 66
63 126
60 101
33 56
14 16
45 90
74 92
50 105
37 106
2 8
62 125
70 111
11 97
2 79
24 32
8 79
21 85
37 109
48 59
100 106
31 49
27 88
16 100
0 49
17 27
27 83
64 104
83 100
4 80
36 101
67 115
62 100
19 121
96 108
42 49
47 100
6 87
98 106
88 105
31 115
95 115
24 100
61 106
15 42
101 112
65 120
52 65
30 39
42 62
29 118
56 64
23 78
44 124
85 108
5 77
38 40
21 48
4 27
54 98
70 87
14 50
35 68
45 58
47 114
0 80
66 86
36 47
8 113
3 66
36 68
56 110
0 33
17 101
94 113
102 106
28 57
93 125
79 111
11 13
90 102
13 56
55 85
48 63
29 122
65 117
29 55
22 114
0 39
19 47
55 102
3 98
48 49
8 82
2 64
78 84
81 112
46 95
55 69
65 79
26 45
4 70
80 116
79 122
48 52
46 58
26 117
7 109
39 125
2 95
13 66
33 101
5 60
56 103
22 122
53 90
19 26
39 57
58 96
37 96
20 90
61 107
11 106
10 50
47 80
39 77
16 101
1 124
4 53
29 92
58 76
55 79
96 116
30 55
73 109
90 124
36 117
41 102
68 101
54 63
3 108
14 69
51 93
