N=64
p=0.3
-
21 37
41 44
54 56
29 49
50 52
32 54
5 17
34 41
13 56
28 42
21 42
25 44
6 38
10 55
36 39
0 1
54 62
7 23
4 14
13 28
54 58
60 62
6 55
20 41
4 29
6 53
22 50
37 54
19 33
44 56
38 58
27 60
35 63
50 58
17 38
2 8
29 40
20 23
0 21
14 56
17 30
26 49
61 62
47 57
11 26
7 18
27 49
34 44
17 45
5 53
6 63
10 56
6 16
18 23
33 59
17 20
33 48
16 47
13 34
0 57
17 22
3 23
9 11
26 35
1 57
15 27
20 57
23 36
28 30
3 19
52 62
27 42
9 19
8 10
8 13
36 51
24 40
4 46
18 21
18 45
8 12
7 38
44 47
39 46
44 63
15 30
5 26
34 45
55 57
2 43
2 18
3 63
24 33
9 42
32 47
21 59
7 63
26 56
46 63
14 42
26 45
24 34
16 58
4 58
10 26
16 25
2 37
44 59
15 24
52 57
4 21
20 24
31 53
32 45
11 45
16 56
1 26
27 61
41 51
5 54
16 62
26 34
20 49
39 59
17 39
15 54
31 37
40 50
56 59
22 47
27 63
25 32
31 39
12 16
0 25
33 38
12 21
5 56
3 37
29 39
25 27
10 29
16 29
8 63
17 49
28 45
28 52
2 20
23 28
25 55
0 24
0 7
0 48
23 27
10 51
2 25
38 61
7 10
3 60
11 62
1 31
12 34
43 53
4 25
17 63
13 58
9 12
27 30
4 15
19 49
6 40
1 12
42 54
40 46
5 20
11 59
20 27
1 3
33 41
10 16
9 23
13 44
30 39
10 58
22 51
38 55
34 63
26 58
44 58
24 47
19 44
18 59
29 36
47 52
15 20
6 58
18 46
31 46
1 5
16 40
15 42
17 56
19 60
14 17
12 32
39 57
1 13
1 59
18 25
2 59
33 57
1 41
25 63
12 26
41 52
17 24
21 49
14 58
35 45
6 39
7 11
30 36
24 45
10 12
30 53
21 61
20 58
35 41
23 40
20 59
7 29
36 57
52 61
3 14
15 37
31 57
34 43
37 43
31 33
27 51
22 24
5 15
33 42
13 60
12 44
14 52
21 34
9 27
19 26
17 59
10 28
32 53
13 52
8 24
35 48
23 51
19 59
35 61
17 34
22 55
20 39
39 62
3 9
45 49
4 36
20 52
38 41
38 60
2 35
4 24
2 9
28 47
21 22
3 6
2 11
14 29
8 30
49 61
8 62
43 54
20 53
21 27
30 41
36 63
45 62
19 43
59 60
26 47
22 41
13 18
59 63
54 60
28 53
10 61
7 60
46 57
1 40
3 24
4 31
4 11
12 22
36 52
4 63
15 26
17 23
7 52
49 62
3 34
13 63
45 55
6 61
30 45
12 36
5 11
2 10
0 33
2 46
54 61
13 40
29 41
3 44
31 52
40 62
43 44
12 17
23 41
5 12
4 50
32 40
5 47
22 37
27 39
10 25
20 37
48 60
25 48
52 59
41 56
9 38
44 55
12 38
17 29
15 52
1 45
37 44
10 40
4 62
34 50
8 9
22 52
11 52
12 28
11 18
26 36
42 48
18 26
0 46
11 23
4 34
4 16
5 24
54 55
5 19
5 50
10 54
16 54
38 51
4 9
9 16
13 30
38 49
9 49
4 38
15 29
10 50
43 61
22 63
11 25
28 40
19 54
43 60
37 58
34 35
0 42
43 62
18 57
43 55
6 57
7 30
18 28
11 53
53 56
26 43
10 49
17 57
45 54
49 60
36 49
7 20
25 30
22 29
19 42
24 59
2 15
33 39
50 62
26 32
17 44
7 15
31 59
6 60
12 51
37 40
48 61
60 63
2 47
18 49
27 55
16 38
9 61
11 28
8 11
18 50
2 39
21 52
3 49
21 57
19 29
34 38
20 54
6 7
33 34
1 14
12 54
11 19
28 46
42 43
20 51
2 33
7 40
32 56
1 61
21 47
30 61
11 35
6 32
19 48
29 45
6 11
7 21
2 53
16 35
8 54
9 37
19 47
26 51
15 58
18 56
35 54
8 57
8 39
17 51
16 53
3 15
6 42
0 50
17 27
17 54
27 45
19 32
2 30
36 53
8 26
17 36
11 17
40 48
7 17
25 58
13 45
39 50
37 39
32 61
10 20
33 36
6 15
35 42
24 31
12 27
19 50
22 54
18 39
15 38
15 44
7 42
15 21
54 57
29 47
55 60
37 47
16 17
31 40
62 63
30 58
23 37
37 56
14 26
43 57
47 48
16 49
12 19
25 60
12 48
15 46
49 57
8 23
1 39
9 39
29 58
0 44
19 57
27 29
12 13
29 52
23 26
36 62
22 36
8 33
4 40
30 34
8 56
12 23
22 34
18 63
24 27
17 18
