N=256
p=0.5
-
73 233
47 226
81 181
24 222
96 128
55 83
99 135
88 98
169 241
169 235
36 106
58 118
87 251
68 168
103 253
28 47
14 100
21 75
126 208
157 255
12 80
92 161
28 207
45 255
69 125
22 241
28 97
162 214
206 231
110 232
179 187
37 62
159 175
4 12
5 26
154 188
127 183
44 239
117 207
79 159
4 220
88 186
92 223
85 155
144 236
42 79
121 222
144 245
93 109
201 224
95 101
152 253
94 194
82 215
54 110
81 198
12 128
5 92
65 137
204 225
140 172
11 255
58 166
61 69
44 246
79 115
40 222
20 156
36 128
75 229
113 150
113 206
18 254
98 143
88 97
125 187
52 110
3 52
84 99
36 115
9 162
39 60
87 193
151 235
158 238
37 44
47 221
63 173
167 245
147 149
25 79
204 213
161 226
10 67
9 166
6 104
111 208
146 195
73 211
198 230
28 68
18 149
19 158
15 220
153 219
27 28
143 228
191 194
51 235
71 169
100 131
182 235
86 137
168 227
24 25
123 180
62 231
130 236
37 247
224 235
234 247
63 163
35 215
44 95
142 204
33 213
6 199
19 159
58 224
31 91
173 191
10 38
84 235
59 77
92 224
214 215
75 157
106 153
0 3
156 243
10 244
88 160
120 180
69 169
55 154
6 201
48 214
113 215
128 180
101 250
197 219
55 121
4 185
44 122
73 114
206 214
70 223
66 233
37 64
91 149
1 202
14 235
25 169
109 157
144 206
28 234
48 70
4 210
29 156
54 134
91 137
32 177
215 220
10 124
205 216
76 224
55 208
44 79
38 109
82 244
42 250
185 191
234 240
167 171
37 87
179 205
4 193
23 189
45 229
20 88
7 30
7 161
190 218
127 156
94 121
121 237
26 192
103 161
139 202
72 120
29 75
80 85
159 202
123 163
94 117
45 59
29 76
123 236
71 216
154 166
49 143
124 125
40 77
170 210
130 232
80 201
154 247
25 235
156 213
70 157
64 202
43 189
11 198
57 237
31 100
2 95
0 17
21 166
165 198
233 255
225 235
69 94
187 211
136 253
53 104
199 232
72 116
30 120
142 176
43 231
63 169
47 49
203 232
41 162
124 243
74 146
35 214
129 146
31 63
105 198
109 116
194 207
215 248
35 141
126 227
8 25
98 119
14 153
149 179
196 253
78 198
35 79
180 232
95 155
190 210
163 187
39 82
152 160
132 253
37 171
114 194
158 222
91 178
38 174
93 236
58 171
211 244
127 244
93 132
80 113
48 108
15 138
60 229
107 140
46 249
132 213
31 223
93 229
75 180
142 219
203 236
108 142
112 178
105 179
15 219
184 190
74 135
144 166
175 193
36 209
4 190
151 223
142 222
62 147
30 152
48 138
59 76
79 85
150 158
53 209
7 217
19 102
65 109
174 240
13 136
9 28
81 151
181 210
138 214
76 206
61 163
49 164
136 210
175 222
10 15
183 188
54 144
242 243
105 239
90 111
132 160
0 80
120 127
44 49
51 55
39 76
158 225
118 249
139 219
179 217
228 238
61 211
11 125
40 199
148 182
164 187
47 233
140 180
189 237
92 217
13 243
27 35
188 197
21 245
123 134
71 158
30 97
65 149
1 220
61 223
159 161
33 68
119 148
28 135
152 233
15 79
21 68
31 244
75 185
99 195
135 171
0 208
44 209
14 113
44 160
46 132
66 236
162 165
130 133
147 206
83 93
154 163
171 238
89 242
198 247
97 179
238 242
135 198
69 162
30 214
161 217
44 187
54 97
158 179
192 218
104 252
96 229
91 92
139 206
95 160
100 254
28 179
20 42
40 239
6 184
25 54
153 193
178 193
116 165
76 84
64 115
64 143
188 202
31 108
45 81
19 161
81 92
190 193
146 223
78 246
38 253
162 212
5 183
79 214
134 217
21 197
15 39
131 144
145 201
158 251
43 139
65 224
31 204
28 82
71 251
35 59
14 28
6 135
246 251
126 193
44 108
7 14
22 133
5 40
19 154
56 138
48 109
61 92
152 202
5 109
20 167
7 92
200 201
89 179
32 102
73 218
130 242
127 200
12 114
5 174
159 210
23 29
180 206
135 241
8 253
123 246
182 209
155 178
214 247
50 192
26 185
20 122
125 196
12 247
69 126
143 247
244 255
113 115
20 150
103 193
89 156
182 221
46 250
81 220
48 80
129 195
216 252
248 252
176 201
194 248
10 229
12 141
7 94
108 207
32 178
28 182
9 193
118 152
112 116
14 26
84 183
60 212
206 238
15 225
176 191
109 119
32 170
40 69
9 44
138 248
80 162
251 253
40 100
13 93
154 165
179 213
146 242
100 167
77 218
56 136
85 87
118 182
13 56
46 164
13 178
20 160
11 113
111 136
98 172
16 216
0 74
21 178
164 197
33 133
140 188
128 218
78 133
164 179
164 169
10 99
101 238
21 159
1 170
111 187
231 242
145 246
30 40
197 228
2 241
13 45
56 139
14 199
11 121
74 86
6 159
50 248
92 164
22 114
23 224
51 254
130 188
26 245
18 50
3 101
42 178
56 95
48 170
44 141
90 246
224 255
15 170
25 180
76 188
152 153
1 61
192 240
106 243
0 34
37 251
4 164
119 211
61 196
34 158
142 208
86 233
70 152
65 182
167 229
111 119
31 207
9 82
31 210
4 64
85 153
61 154
236 240
110 156
63 164
136 204
77 143
39 143
95 153
41 163
58 112
161 166
31 88
71 147
153 169
48 84
236 238
182 237
0 64
11 162
23 156
74 123
19 39
76 102
186 239
64 240
31 169
11 179
146 155
72 98
55 239
185 234
88 199
13 20
33 186
5 232
20 169
152 166
73 97
123 214
219 230
62 113
28 46
37 88
207 229
108 218
30 56
149 235
43 113
54 142
0 153
114 193
45 99
21 195
2 44
82 148
220 238
149 181
107 177
169 185
209 217
179 246
96 239
73 125
68 214
76 207
59 191
28 197
41 226
119 202
35 116
28 150
170 218
50 162
100 114
100 112
95 189
23 199
81 96
62 218
17 241
174 224
131 230
77 213
46 145
81 225
84 148
116 134
36 254
14 50
71 146
80 105
52 106
184 253
59 247
103 116
155 166
45 126
51 145
65 221
73 180
22 228
140 151
54 177
116 179
43 72
185 251
22 117
114 222
131 137
122 142
65 180
118 230
77 102
43 174
29 78
63 83
77 107
13 41
192 198
229 249
156 246
171 231
13 101
75 129
112 225
60 196
38 252
45 250
199 229
53 207
156 179
111 217
133 248
22 192
36 113
110 112
26 43
47 183
223 226
26 134
150 170
53 135
152 200
153 203
2 157
15 121
169 204
82 92
92 176
22 26
39 205
112 171
151 229
80 115
122 135
76 107
27 150
78 254
17 120
104 232
133 191
213 254
73 224
80 166
111 137
2 104
122 150
35 51
127 225
69 128
179 188
158 205
81 130
29 203
52 62
121 180
77 228
4 105
104 213
121 146
100 222
135 169
25 59
55 163
121 244
23 105
8 122
94 135
134 174
141 158
135 154
132 145
21 158
119 163
164 248
95 156
194 212
46 151
60 91
188 247
34 206
26 101
15 92
43 144
136 222
215 235
48 195
132 137
33 188
199 206
55 153
102 196
75 133
68 232
60 110
155 188
86 130
114 119
28 231
106 137
18 100
120 233
62 154
45 168
53 218
25 60
93 190
114 138
145 211
50 233
79 212
47 225
51 90
25 86
127 151
35 103
49 69
139 212
82 96
81 210
0 236
65 114
20 215
46 225
231 237
33 142
15 153
125 128
117 196
32 246
155 220
111 162
7 39
68 176
86 101
5 189
20 158
115 237
143 161
169 205
183 237
32 110
26 86
101 206
48 251
198 231
161 233
46 255
40 166
59 129
136 153
134 190
19 95
47 96
142 229
127 186
116 185
74 196
148 227
136 252
12 203
240 253
232 247
152 161
51 170
49 169
135 210
37 119
4 31
35 205
185 219
37 163
39 61
106 253
100 212
48 114
20 30
25 33
102 181
31 135
191 209
218 252
42 251
123 223
27 40
81 148
5 208
23 64
91 231
75 92
53 98
14 102
109 156
23 35
31 97
3 87
81 189
68 166
128 157
100 183
14 27
74 84
174 241
118 143
140 228
15 189
228 245
46 175
68 141
11 15
164 253
99 127
16 19
109 220
37 49
3 193
0 90
10 28
212 230
59 72
13 142
25 140
53 63
10 47
68 216
33 54
27 103
119 155
210 216
6 19
111 251
113 149
22 105
124 224
213 230
45 159
97 155
139 176
76 242
211 237
24 235
114 224
96 109
49 58
49 140
79 221
24 153
175 177
17 128
117 153
32 237
97 136
190 207
34 169
28 171
44 221
60 192
217 230
175 207
231 241
141 170
79 173
18 224
55 56
80 92
202 217
182 252
31 178
132 244
25 36
16 38
61 205
2 99
81 169
40 67
12 134
126 161
100 196
102 173
9 164
30 35
33 140
16 123
224 237
123 153
17 250
4 248
180 226
16 194
147 246
63 232
129 199
18 77
11 227
0 40
216 243
64 247
77 116
25 64
44 124
163 164
155 237
201 207
59 254
114 197
81 91
72 210
47 218
115 178
36 206
6 82
101 191
6 156
101 124
61 88
65 118
153 163
154 215
145 217
121 189
149 190
157 217
26 235
87 201
52 97
146 203
59 107
66 168
133 141
135 153
119 203
193 246
30 155
2 248
125 186
61 240
64 175
170 182
156 158
129 200
36 237
72 221
149 184
78 89
139 233
112 217
75 118
87 226
183 209
113 180
127 216
58 140
210 237
96 180
7 36
43 200
35 46
38 210
31 82
151 244
125 249
79 162
34 211
233 237
161 194
73 254
2 105
34 202
75 204
63 219
0 171
65 185
89 186
12 18
13 81
22 196
30 127
75 175
32 207
12 213
27 42
130 240
26 59
186 206
236 244
108 219
38 227
37 110
200 234
51 206
126 234
131 165
66 180
199 244
144 191
6 187
105 218
32 67
62 196
173 217
29 104
13 233
50 62
84 231
32 155
56 153
34 122
26 53
91 225
10 165
67 102
29 161
102 194
142 195
8 71
138 186
9 109
95 247
188 224
29 165
157 160
161 222
86 253
92 95
12 254
53 139
26 89
89 193
175 233
200 212
4 229
4 203
55 252
0 150
4 183
167 248
177 247
117 229
40 160
39 91
19 242
73 234
19 81
112 131
53 190
168 229
172 248
153 253
11 199
120 199
65 153
49 64
42 90
19 196
176 196
34 196
76 122
206 235
53 196
30 81
60 214
55 147
36 183
29 120
38 41
37 245
35 86
42 209
56 196
42 93
70 94
33 243
22 200
23 41
5 179
189 253
23 246
54 174
16 63
200 233
137 213
11 111
54 111
89 132
94 223
61 112
12 199
17 227
56 231
33 65
0 234
106 116
45 129
103 201
19 140
41 175
166 246
0 223
26 88
56 214
167 224
44 191
105 175
128 225
41 252
219 253
198 232
54 218
38 169
92 174
68 227
165 206
0 121
56 174
99 203
67 185
52 85
154 214
128 239
157 223
52 174
52 195
91 186
164 251
45 62
75 111
75 211
134 226
154 227
190 248
126 236
73 81
66 106
48 230
140 247
16 53
47 209
37 230
65 189
35 188
7 16
19 224
13 135
33 47
14 32
8 72
112 206
186 217
37 161
0 214
37 198
142 161
4 242
53 54
8 165
67 90
60 227
55 179
46 143
15 42
71 194
48 123
110 136
61 234
14 139
164 165
41 234
151 152
159 209
30 142
176 238
74 180
117 241
93 252
103 196
17 115
208 214
68 163
85 194
63 108
70 247
153 158
38 52
144 147
68 204
67 194
17 135
23 179
125 195
50 228
172 175
137 238
111 151
8 33
159 246
43 80
48 222
89 177
235 250
31 43
129 205
163 181
134 163
91 93
49 151
61 189
68 84
62 226
126 129
41 151
163 182
114 168
96 178
227 255
52 69
4 166
178 212
72 173
84 180
180 194
80 172
141 244
102 156
1 141
84 242
42 180
23 31
36 201
8 126
112 230
170 254
54 182
134 242
61 178
102 207
193 251
74 169
17 81
6 174
116 182
19 239
95 134
90 250
3 188
14 55
87 150
89 202
187 208
27 200
44 175
192 233
14 23
9 104
49 139
90 229
27 214
76 218
51 59
124 255
123 198
184 249
55 131
71 230
185 194
148 219
19 139
162 217
35 113
23 153
25 98
49 67
127 172
53 73
94 211
156 162
147 159
142 169
131 231
73 84
23 70
20 222
70 176
186 204
98 131
12 47
181 219
153 245
115 125
174 205
16 234
152 206
100 141
35 176
107 204
75 144
40 228
100 108
10 226
57 164
170 248
49 60
119 239
53 72
2 143
76 204
14 123
101 140
93 230
48 169
33 192
112 125
6 171
57 156
18 26
31 212
18 236
21 172
18 197
108 233
70 78
97 233
109 222
111 218
74 142
5 15
117 243
177 197
154 191
107 193
163 199
7 110
206 251
9 172
202 215
119 122
123 247
57 98
35 222
171 246
149 231
126 135
108 240
28 173
188 204
27 84
121 213
17 28
146 222
74 189
126 199
213 228
98 211
4 140
29 102
6 36
36 162
64 129
10 18
32 179
45 89
23 200
67 163
109 140
149 239
176 215
7 38
155 169
101 221
172 217
165 210
30 145
63 67
155 233
52 225
27 94
13 22
186 227
7 201
70 219
150 253
187 217
149 207
7 180
166 190
208 242
148 208
37 126
166 169
25 71
26 250
101 142
10 74
127 250
26 177
53 152
13 140
175 234
65 71
196 246
22 122
172 212
137 230
118 160
54 137
202 213
59 119
78 121
33 91
4 191
14 247
87 213
50 78
4 84
5 176
119 172
49 90
84 175
181 200
132 243
120 247
88 119
92 251
48 224
148 198
199 210
54 187
22 74
5 22
87 248
119 250
160 195
132 176
133 254
12 56
48 165
182 203
62 198
21 24
133 136
97 138
140 176
168 232
202 229
87 188
99 202
72 190
0 152
78 243
65 97
77 154
88 205
230 251
145 252
64 134
98 176
152 204
75 152
159 198
131 223
157 158
36 92
112 124
7 9
18 175
247 252
69 164
174 193
131 153
6 227
173 210
209 240
174 194
47 59
101 251
15 204
95 113
160 198
72 157
33 250
45 73
140 231
37 142
17 194
8 19
23 112
70 236
64 234
71 215
93 243
122 166
105 203
151 247
29 181
94 123
136 213
73 203
19 211
98 216
54 225
9 136
87 212
63 144
42 211
1 182
28 53
53 109
118 207
77 84
132 226
1 178
72 231
177 213
204 230
32 134
138 169
24 219
22 44
9 222
43 221
35 227
11 27
72 177
171 228
33 137
161 197
139 194
56 170
95 150
122 147
163 185
60 200
204 246
50 65
49 206
49 92
14 237
109 240
26 93
28 244
145 221
66 123
120 241
76 173
197 221
26 223
57 229
68 220
139 149
76 197
9 176
2 191
84 102
53 71
63 104
66 96
30 169
85 86
23 143
155 186
60 182
158 255
25 52
62 144
17 27
157 197
43 57
98 200
29 242
164 228
38 237
127 128
60 69
106 231
134 203
59 71
38 45
23 238
20 140
108 224
171 185
70 153
225 237
57 100
84 144
62 161
148 162
86 171
212 214
68 197
44 188
183 242
111 184
22 252
16 155
134 249
131 250
36 185
9 89
42 167
10 224
94 252
85 235
59 249
76 159
89 115
9 133
46 150
90 178
31 235
95 139
217 249
244 249
186 237
13 71
83 137
75 248
4 91
47 202
109 117
73 174
66 78
20 225
10 221
198 201
189 232
31 184
135 141
28 99
34 117
6 182
102 132
91 204
24 26
124 230
3 192
66 185
230 246
188 199
36 246
11 249
36 50
51 62
177 216
38 234
5 185
26 108
187 220
14 47
88 100
4 98
37 212
20 115
78 139
125 168
89 217
135 137
137 219
110 209
57 113
5 31
80 225
107 190
104 172
177 219
97 115
45 185
91 124
107 236
199 215
220 236
215 238
225 231
168 251
91 173
86 203
8 90
98 251
103 162
44 126
129 254
60 156
123 200
156 253
126 172
77 111
148 178
181 196
89 191
113 163
205 235
66 251
108 113
40 91
150 210
153 204
56 177
50 89
25 49
144 220
36 198
59 99
31 71
126 219
25 186
89 218
69 104
129 229
51 202
218 246
6 31
237 250
89 159
31 164
114 247
44 65
100 107
82 164
199 225
34 143
168 195
19 99
49 242
15 148
126 218
104 221
189 227
27 247
196 222
104 223
39 129
122 162
35 219
3 151
195 203
51 163
3 152
147 249
147 211
117 168
75 221
52 164
70 250
21 67
14 161
106 136
68 193
18 135
227 236
15 246
18 218
185 228
44 92
15 169
89 133
108 179
35 38
112 160
6 120
59 219
104 122
18 25
114 123
41 172
7 99
129 147
128 149
54 183
24 146
43 245
117 235
53 188
128 231
112 241
53 250
187 201
15 31
14 45
6 248
72 122
155 226
96 97
135 211
214 248
70 205
54 230
56 72
19 42
50 205
112 167
27 92
8 43
203 210
31 103
15 95
124 199
97 220
92 148
70 105
33 241
239 251
98 247
29 116
77 216
36 163
129 248
68 161
98 186
30 184
101 227
6 37
64 73
54 129
73 74
109 205
61 93
188 233
17 34
183 233
62 212
74 121
34 232
139 199
87 168
90 211
86 250
122 129
146 235
140 245
13 18
13 180
90 249
77 184
39 49
107 124
8 46
183 217
20 176
107 173
142 144
80 93
118 247
33 88
85 186
126 209
222 224
130 176
28 90
95 233
175 226
59 96
97 234
33 44
137 143
140 145
212 223
129 201
218 249
105 236
7 215
115 180
40 66
91 198
224 247
95 143
21 174
36 147
107 114
205 232
20 145
59 218
96 184
100 111
131 240
35 187
128 166
104 214
184 207
47 139
80 146
84 176
7 191
82 167
172 219
65 127
78 119
54 254
167 220
100 168
127 146
205 244
3 12
28 158
251 252
18 122
16 70
219 237
196 232
108 190
87 220
25 206
46 126
163 253
9 153
150 157
27 230
25 77
186 208
117 127
13 176
14 177
57 180
6 93
196 227
84 98
18 78
20 100
171 225
123 250
185 205
33 116
106 107
24 86
101 241
81 223
136 163
166 208
2 252
78 138
13 209
119 178
148 166
113 160
87 158
69 208
52 163
41 127
153 244
29 224
158 240
183 203
93 127
78 239
73 110
75 255
174 186
14 85
0 39
48 143
49 251
42 51
106 230
6 42
3 153
16 22
105 133
1 234
39 255
24 124
112 120
108 167
24 212
65 179
52 95
40 174
103 158
73 150
113 120
107 249
202 208
30 245
190 209
12 42
58 228
142 252
11 55
136 233
42 111
30 66
65 66
129 189
8 238
63 177
0 197
94 166
133 255
128 247
26 30
122 251
237 254
51 240
92 101
47 115
34 218
138 182
25 101
169 176
63 141
19 234
171 209
239 246
8 220
69 84
53 148
123 240
49 228
67 129
187 204
14 66
23 252
150 165
96 108
60 211
56 234
179 225
219 223
124 151
106 235
8 162
12 138
56 114
49 191
192 206
162 236
7 147
34 147
2 58
84 199
9 83
55 206
146 191
99 196
7 126
76 168
34 166
49 202
11 206
19 198
62 176
136 230
113 250
142 184
78 137
178 190
44 180
92 180
187 215
34 199
85 161
91 176
148 230
102 200
131 252
124 147
24 147
10 80
187 197
157 194
15 232
69 248
13 220
216 222
50 201
127 190
111 215
187 242
125 192
63 117
160 185
11 126
171 197
117 143
173 184
94 206
36 60
79 167
70 241
32 194
39 251
92 216
112 211
136 186
11 43
74 205
6 220
31 55
69 222
18 139
49 66
90 252
87 189
67 217
19 132
34 116
26 92
93 191
42 248
114 124
53 236
59 105
0 125
105 197
16 217
84 130
170 193
170 175
39 151
46 227
155 179
82 151
174 195
64 239
4 70
1 65
52 76
43 211
139 240
111 122
21 175
18 227
37 105
65 129
42 58
81 134
216 251
58 113
24 253
106 129
49 100
22 54
38 116
157 221
221 234
167 170
161 238
194 205
121 134
10 205
122 143
158 194
95 244
92 234
135 245
66 144
53 185
34 103
0 120
34 173
64 231
111 245
119 176
46 122
51 184
12 77
38 248
9 35
21 142
43 178
86 120
69 187
34 251
105 227
26 254
144 174
137 225
69 114
80 187
235 254
27 170
63 87
1 149
50 203
111 180
172 233
47 56
0 78
199 245
115 207
91 136
7 130
130 210
63 207
116 127
129 171
12 45
0 11
20 58
33 121
126 241
2 242
207 222
28 115
126 176
72 109
107 141
32 204
74 89
19 57
183 214
12 151
7 83
16 130
75 86
131 222
111 183
224 246
91 155
36 252
59 73
49 220
51 215
40 231
136 157
117 155
85 106
213 232
76 142
23 176
24 113
125 159
43 56
198 241
90 209
158 197
110 157
50 186
20 93
47 65
123 210
151 245
58 255
34 126
116 199
0 151
60 170
84 188
118 234
111 254
122 187
157 234
17 87
54 81
38 203
25 195
136 193
9 12
58 71
78 245
28 175
18 104
42 231
165 202
161 208
104 118
104 199
0 211
14 207
24 184
28 184
121 171
196 252
55 185
22 100
103 113
238 240
37 203
215 229
27 54
123 202
79 182
100 179
89 228
5 67
138 229
18 230
102 236
31 156
67 80
51 86
55 177
132 191
23 47
133 210
20 87
134 243
9 129
12 70
151 227
41 197
208 210
39 63
139 230
177 196
4 155
36 232
48 99
54 160
15 107
69 98
70 100
56 71
150 180
47 205
207 208
20 108
10 55
80 95
69 135
215 219
15 49
45 231
3 95
122 185
79 197
115 183
91 211
138 241
58 117
67 126
96 173
15 81
37 208
12 239
106 242
88 224
163 220
164 208
3 45
66 206
37 216
69 70
85 215
109 219
171 219
97 225
33 42
56 210
68 221
112 202
111 168
183 215
45 196
118 255
39 71
97 182
28 42
32 158
124 233
114 148
105 248
52 249
87 101
75 252
26 90
51 74
197 244
42 131
120 141
43 169
12 100
81 111
31 32
138 193
192 249
53 110
11 42
50 163
82 104
123 170
3 100
169 250
152 221
66 175
34 170
102 134
140 166
34 212
92 179
161 221
72 89
3 157
124 159
95 147
74 228
68 201
221 235
207 244
77 159
90 158
65 116
89 187
110 195
45 248
128 199
47 247
13 34
13 115
21 144
46 141
9 156
14 76
92 208
77 134
47 251
7 100
54 233
173 186
207 223
114 250
45 182
78 253
185 254
87 134
92 192
48 63
18 72
56 189
47 93
39 230
131 203
36 134
21 157
52 215
63 239
86 111
244 252
30 215
144 171
68 241
201 250
24 174
19 245
85 100
105 153
4 104
60 63
74 164
14 119
2 255
22 31
75 207
113 128
155 165
141 208
13 227
59 97
135 139
71 241
80 97
96 126
166 205
93 165
131 220
115 171
127 150
12 127
70 245
133 139
63 96
107 133
39 134
185 199
148 203
124 135
123 146
39 181
19 232
254 255
152 173
106 144
65 230
170 214
97 235
62 185
85 89
156 241
52 203
120 171
157 163
93 151
76 110
37 109
60 128
29 132
181 250
115 166
110 141
57 154
92 253
52 70
82 111
24 211
106 157
165 203
31 104
112 255
116 248
153 247
119 215
2 184
26 155
83 202
56 152
133 206
169 226
47 76
89 90
112 144
234 239
94 152
28 227
99 194
85 92
62 85
3 93
101 243
228 250
89 170
197 203
8 135
137 215
102 103
8 99
38 180
189 195
150 194
193 238
28 190
82 191
102 201
30 233
45 49
124 216
112 126
24 224
123 178
181 192
93 111
54 221
165 231
155 209
24 107
220 235
41 241
172 207
6 254
67 169
123 127
187 205
233 243
130 251
134 213
69 146
165 199
64 74
99 138
23 113
210 229
34 177
121 165
135 240
31 123
41 242
66 216
73 204
139 154
82 222
110 124
16 59
226 242
0 240
139 234
131 185
3 247
96 177
11 164
61 224
114 221
121 151
73 190
69 215
36 124
77 225
103 250
62 103
144 163
43 250
146 178
210 214
84 100
69 244
123 185
9 202
38 144
70 72
39 248
7 93
27 30
5 24
96 101
25 135
80 185
22 144
52 136
131 214
139 158
224 240
4 48
29 240
16 163
150 234
98 234
87 190
30 129
80 239
12 59
161 182
33 200
155 183
105 113
15 139
117 240
7 28
22 199
10 210
88 208
138 255
106 121
147 194
139 249
100 244
100 234
83 213
102 139
52 108
180 213
29 68
219 244
28 37
9 221
61 167
56 75
30 237
31 186
13 232
24 163
32 251
212 233
217 251
23 52
29 246
8 243
10 54
144 173
15 24
214 246
123 161
54 82
39 110
183 235
159 243
70 134
103 178
67 182
76 87
102 191
152 172
66 112
64 248
197 229
8 136
83 199
99 252
29 128
120 133
37 210
208 228
202 225
84 246
127 136
6 145
156 173
97 187
64 182
90 156
84 214
65 106
9 209
159 213
28 188
62 215
60 247
112 251
51 164
128 163
8 156
125 222
158 185
127 217
17 103
75 114
67 142
91 109
33 248
39 118
38 173
87 217
133 182
188 216
207 231
155 228
190 204
67 117
166 236
7 136
8 186
0 35
123 227
70 73
177 205
27 111
235 244
138 227
59 137
128 187
5 28
45 170
39 159
131 176
23 55
95 222
57 138
38 146
64 70
1 118
124 179
171 172
4 14
75 117
182 210
219 231
39 78
150 248
28 118
52 251
125 210
197 201
198 220
90 223
136 188
111 128
162 182
12 174
101 115
33 95
44 249
63 66
156 180
91 129
40 41
17 63
203 240
86 155
12 63
201 218
5 125
115 206
175 190
43 90
179 209
10 31
42 144
167 238
22 87
85 234
121 252
88 203
91 153
107 112
204 250
127 153
49 234
66 145
155 175
65 255
15 96
21 216
43 114
165 243
28 129
53 67
74 137
36 195
177 226
41 119
35 160
72 251
26 97
68 132
58 95
60 224
91 170
166 225
134 222
144 184
66 68
40 177
127 209
49 149
188 198
24 156
36 234
74 76
17 36
208 215
51 228
50 85
19 38
81 237
98 182
17 90
132 235
157 181
7 123
109 230
34 229
31 106
56 105
58 119
39 45
57 119
35 105
17 232
35 53
104 107
32 59
28 52
45 165
8 248
35 92
71 119
106 162
178 233
106 134
74 222
102 199
47 169
19 29
55 164
48 113
65 126
166 185
4 34
95 125
92 119
196 235
122 209
128 197
14 77
86 163
72 152
35 174
14 94
97 199
133 216
226 240
53 137
21 133
83 194
78 131
150 206
7 58
115 174
4 236
62 166
54 249
65 227
26 58
171 222
134 188
0 24
11 191
26 178
198 215
153 228
3 241
17 19
39 222
27 240
214 254
148 177
8 141
37 225
37 39
144 226
11 18
191 205
145 192
80 240
82 253
77 185
11 107
227 246
21 46
100 119
36 249
84 141
96 233
42 56
121 131
20 165
23 125
192 193
6 12
5 149
27 138
117 200
217 241
226 228
222 231
188 225
38 233
66 150
133 224
117 244
109 158
69 219
205 255
152 240
61 76
63 255
6 169
111 196
100 240
65 169
12 232
55 115
139 182
173 227
85 253
16 85
72 86
239 244
22 214
153 184
35 125
6 80
9 22
181 246
23 247
108 112
112 253
86 126
57 200
30 46
56 228
41 124
180 244
59 112
26 175
65 76
27 255
78 90
55 136
223 228
191 210
19 222
33 143
117 126
218 230
23 119
134 231
180 205
34 181
137 231
57 233
34 142
110 152
52 134
207 216
166 251
12 17
11 240
101 147
54 206
36 90
12 89
154 234
183 229
8 11
56 68
48 49
36 51
42 187
42 156
148 216
32 200
126 198
30 130
24 183
51 133
50 77
15 252
27 113
117 178
105 150
17 68
21 88
183 250
180 228
4 211
98 249
146 220
132 225
76 105
150 231
6 144
92 193
37 156
73 223
95 109
108 157
16 33
173 200
70 197
60 147
31 39
104 115
59 136
43 194
105 191
167 206
93 146
132 242
33 45
112 170
131 188
118 129
109 151
33 217
10 53
231 245
91 168
63 237
5 111
110 180
6 180
32 161
29 191
5 146
130 239
61 214
55 127
170 246
61 94
41 164
78 236
41 200
153 156
58 180
37 199
29 64
71 236
133 176
125 163
99 162
165 251
45 48
23 185
56 211
149 236
47 182
36 42
115 246
112 121
24 213
22 47
51 116
136 142
51 111
51 196
47 170
5 108
104 187
5 85
52 196
173 188
94 224
12 14
71 209
190 200
24 175
166 223
6 233
187 251
139 217
164 234
138 203
28 165
83 252
221 239
95 191
4 15
98 233
209 228
113 179
33 51
96 234
119 185
95 177
30 109
26 191
16 171
65 121
48 68
111 238
14 92
77 129
151 170
11 145
10 247
39 232
89 239
55 165
57 175
127 141
66 171
6 25
130 199
79 106
112 140
109 191
90 113
15 104
82 161
111 114
48 245
9 96
61 212
91 187
177 188
60 85
106 239
107 121
158 165
2 137
25 146
87 152
226 230
188 227
0 206
94 253
13 224
40 51
46 202
106 131
110 231
65 218
4 153
29 208
121 170
213 220
50 139
11 78
137 243
182 214
112 152
2 189
42 69
193 245
138 235
125 236
146 156
54 243
171 174
193 217
171 181
68 250
92 151
46 81
76 232
60 231
30 179
193 253
186 254
199 249
63 128
205 220
127 245
59 138
136 209
8 189
73 198
138 240
37 233
174 244
135 246
104 230
1 209
169 170
29 138
179 243
215 227
41 97
109 128
26 38
57 116
93 125
59 184
77 130
60 95
34 223
27 248
12 119
64 117
101 137
1 4
78 98
55 228
20 119
17 178
17 152
164 172
86 244
82 172
19 37
63 246
34 123
43 183
85 204
3 158
58 108
17 114
91 253
174 245
177 211
106 215
12 125
73 186
19 65
91 146
181 194
0 246
35 154
181 252
68 185
64 187
39 48
94 150
70 133
48 238
17 157
149 163
83 101
34 216
76 155
135 192
100 238
60 120
12 68
8 149
32 185
87 111
31 126
17 253
43 75
69 186
47 196
169 254
88 237
160 177
86 124
37 115
97 236
6 228
5 142
56 226
97 102
193 207
98 109
34 187
213 215
124 214
143 182
93 159
121 240
116 154
44 225
29 71
6 197
83 119
177 255
1 225
185 198
37 206
11 24
26 51
47 83
124 185
150 169
97 147
30 182
78 215
64 250
70 119
0 173
142 230
39 131
83 205
1 152
48 217
206 220
168 202
33 214
60 108
41 180
25 170
26 176
33 109
28 114
22 96
64 191
19 77
139 218
71 189
120 196
98 227
207 238
4 88
26 45
148 223
31 129
7 203
253 255
84 140
13 187
79 187
206 221
103 131
120 253
32 154
53 189
2 93
3 43
18 213
14 255
2 68
9 120
19 143
55 130
72 153
3 94
131 221
63 200
126 177
103 160
119 142
7 255
87 153
154 202
84 167
223 237
207 234
36 160
205 253
65 229
78 136
87 176
41 128
22 61
2 59
9 216
143 255
91 145
76 157
239 245
66 110
63 126
52 158
86 224
146 198
50 198
179 216
129 211
180 183
34 238
122 199
199 228
14 206
89 125
203 231
152 203
66 191
139 214
24 68
27 209
51 57
40 64
131 202
69 111
4 10
42 100
46 180
1 151
4 126
111 140
71 162
103 149
42 134
45 63
100 195
12 200
188 209
203 242
7 157
54 198
182 196
91 254
74 238
90 202
95 174
42 54
160 173
8 114
61 244
63 114
154 236
84 191
232 237
31 114
9 25
128 142
6 100
108 244
58 157
203 222
28 51
173 250
119 188
147 237
82 87
37 97
8 200
144 243
115 144
69 224
72 226
93 116
57 146
40 68
104 125
54 108
155 168
185 188
44 93
99 200
37 60
71 112
45 239
133 154
127 142
60 127
177 246
7 211
93 203
36 45
237 240
166 239
140 199
77 210
45 52
100 153
23 126
80 234
37 78
91 106
81 129
7 57
154 231
46 192
15 38
17 69
51 244
211 246
30 148
49 188
49 171
23 235
9 179
162 215
172 185
107 167
4 252
103 214
34 151
59 223
138 166
15 128
17 190
4 180
163 204
67 211
137 249
165 212
126 145
37 104
81 117
1 77
6 75
173 237
129 251
37 81
25 123
115 159
122 214
179 180
109 212
150 204
12 242
16 172
36 103
146 183
162 183
118 217
31 253
173 174
22 136
23 94
100 225
44 75
97 122
212 236
100 197
53 243
99 223
21 199
15 25
154 208
160 183
29 237
69 78
29 241
180 255
75 177
203 249
15 231
10 207
216 254
16 160
63 97
1 162
194 243
80 211
84 218
20 124
33 240
20 69
91 139
11 32
49 51
9 52
65 141
72 112
164 244
134 219
102 106
36 154
132 210
74 134
73 98
19 241
132 241
20 92
104 235
86 187
140 237
210 247
25 117
7 154
73 149
113 140
2 88
3 75
180 230
114 182
6 173
197 200
238 248
174 176
98 154
0 180
61 120
3 99
27 202
38 220
29 163
3 90
24 60
100 200
0 22
121 223
47 192
202 247
12 64
23 239
67 82
87 222
14 31
43 102
50 229
75 201
170 241
151 175
67 254
140 170
194 234
168 172
9 10
66 238
19 73
114 176
51 60
61 183
37 202
33 63
22 169
50 127
78 161
125 252
178 183
12 38
124 218
88 122
61 101
24 144
113 195
30 131
71 254
38 208
21 120
123 171
164 221
88 252
140 243
163 215
70 163
51 161
139 145
68 191
12 192
215 234
8 217
1 17
125 189
89 241
89 247
1 155
134 138
24 28
86 211
102 254
14 67
104 185
47 149
25 115
154 225
118 252
82 141
151 239
125 209
150 199
143 163
120 149
172 210
191 196
72 245
40 150
134 187
82 132
56 102
114 131
83 206
17 189
107 134
31 85
107 130
201 227
85 95
62 177
16 226
81 172
22 123
44 161
16 117
128 136
78 97
186 189
72 97
43 108
77 162
62 152
30 203
30 178
120 176
26 230
5 112
41 82
47 120
6 11
60 242
48 162
61 130
76 185
52 180
24 103
53 240
11 62
36 72
4 122
110 194
65 87
32 150
6 154
69 101
58 159
108 153
39 114
223 246
51 101
162 191
144 145
2 46
159 211
121 238
31 231
7 63
132 167
170 190
3 254
35 240
12 250
25 56
144 156
45 177
8 166
41 240
38 242
137 176
23 218
3 48
70 175
11 53
191 255
120 182
10 161
26 57
68 106
202 233
87 103
81 116
37 86
60 232
69 176
19 248
30 96
96 143
209 218
8 204
94 170
94 127
55 59
30 228
118 166
60 67
7 66
100 242
34 145
37 239
39 72
150 203
51 105
69 93
239 242
93 106
179 192
49 198
110 166
13 38
134 153
53 133
121 177
85 252
62 87
99 153
87 223
164 183
36 158
178 255
183 191
34 191
215 228
48 209
152 182
130 173
36 142
33 62
31 245
45 241
75 138
109 139
23 69
71 222
105 167
65 142
11 235
79 241
98 103
107 127
96 155
101 254
141 206
76 233
2 186
104 128
107 230
69 218
64 133
44 102
91 242
123 125
108 144
95 212
20 187
55 192
75 178
68 202
53 247
55 205
50 245
182 249
122 186
98 113
61 117
9 21
206 209
73 139
25 104
26 147
178 230
50 168
39 185
94 209
134 185
150 196
95 200
9 203
20 148
149 230
8 195
117 177
29 137
50 170
2 179
183 211
11 115
95 98
24 196
47 133
86 123
39 42
19 212
2 193
198 248
48 145
36 241
94 222
102 164
36 71
97 222
59 177
127 211
196 206
8 228
104 156
201 234
98 222
18 121
144 210
135 172
10 176
34 228
45 244
17 165
60 88
54 62
48 190
93 226
42 142
11 157
85 150
26 237
157 201
16 252
56 240
72 166
160 251
34 237
16 248
67 128
193 223
58 133
23 95
65 144
13 219
1 232
56 99
19 249
11 12
169 231
63 202
11 233
104 215
76 211
119 240
56 241
53 241
136 198
211 213
1 68
132 185
13 88
191 199
47 252
132 205
163 197
159 177
38 80
55 202
35 192
13 144
16 183
41 52
42 67
3 136
49 239
146 190
11 195
163 227
7 77
94 225
106 200
20 223
115 150
13 124
1 37
22 178
113 213
37 99
233 254
26 159
96 247
1 24
81 114
46 60
2 144
28 57
18 155
142 164
55 178
142 240
84 228
30 68
56 249
37 96
99 123
12 50
38 225
106 164
138 189
116 204
111 135
72 143
97 181
38 195
102 230
83 182
138 201
9 68
188 195
15 141
57 239
69 138
11 86
18 120
117 224
102 131
17 240
206 240
19 123
0 224
83 227
51 148
87 128
23 73
117 221
218 233
21 194
134 152
177 241
72 79
227 245
81 108
2 195
63 110
209 247
55 233
192 219
21 224
22 236
131 197
103 132
49 104
71 154
86 218
32 78
13 201
26 244
32 242
44 97
3 14
2 14
128 175
55 222
17 155
84 123
66 231
40 116
105 114
91 171
89 219
233 247
65 165
85 189
38 204
4 62
149 173
158 176
17 249
243 248
122 123
150 198
141 156
52 232
19 127
130 241
128 156
62 127
158 209
19 238
9 134
50 63
191 231
69 194
148 245
4 160
194 218
24 34
47 238
45 46
118 138
8 28
61 86
76 244
210 233
71 228
240 244
154 213
112 159
146 248
43 140
231 233
230 243
1 94
13 174
198 225
116 234
87 182
144 239
38 161
157 207
67 176
71 105
91 140
149 161
0 32
11 63
58 155
14 226
15 202
36 109
41 42
98 220
156 226
231 239
22 51
75 105
133 212
102 145
109 254
89 248
104 179
58 213
64 176
62 191
72 106
74 200
136 164
122 127
109 239
137 194
11 192
82 229
54 223
95 132
64 128
38 148
19 193
138 210
8 170
35 83
106 204
48 161
175 220
4 16
11 100
68 254
55 184
132 133
52 199
18 53
96 240
163 216
0 88
134 247
14 216
48 232
16 119
5 16
202 212
65 176
103 215
111 171
130 164
30 249
166 241
28 247
55 99
95 117
148 254
79 200
222 244
77 235
32 119
12 20
197 255
135 138
98 201
157 253
227 231
69 141
32 239
80 148
97 202
35 229
109 125
113 148
95 253
129 164
21 102
181 244
31 131
2 219
92 227
107 146
99 160
109 172
0 161
50 55
75 130
23 158
70 98
142 248
147 213
102 168
24 254
56 232
96 118
13 96
113 234
29 141
68 167
177 232
92 166
167 186
216 226
78 142
89 215
1 136
25 125
27 245
71 196
49 213
15 195
148 224
38 153
20 53
130 138
112 247
123 249
109 147
97 170
188 190
110 244
79 90
42 137
28 102
44 98
43 224
13 113
8 119
63 250
34 203
143 198
52 220
77 233
91 159
22 190
76 196
74 165
4 5
120 212
91 162
63 221
113 227
31 145
19 165
51 193
3 24
44 73
37 111
88 247
219 225
107 210
196 245
142 199
50 79
69 233
25 67
47 100
57 148
84 253
100 102
51 166
130 194
16 213
88 202
213 236
61 71
45 76
41 49
41 148
93 238
106 125
39 101
127 182
17 86
40 49
107 171
33 247
30 207
29 126
151 190
25 102
132 184
209 233
90 255
5 89
34 88
39 77
59 100
178 209
58 67
19 164
110 245
116 241
104 184
174 228
140 168
52 167
229 239
54 163
68 130
52 175
175 187
156 191
20 50
179 249
58 130
15 34
163 191
76 147
147 199
57 195
169 182
121 233
54 216
114 128
120 194
16 132
136 232
27 109
44 164
6 118
231 243
180 190
132 192
85 210
46 212
52 244
43 54
113 185
3 221
113 146
212 213
69 245
88 243
59 240
23 110
141 167
29 194
16 110
96 135
9 241
23 107
90 143
171 207
34 131
32 128
59 168
183 192
208 231
53 78
44 162
7 80
69 90
175 219
85 238
22 98
146 179
104 202
71 225
45 113
64 181
23 100
44 74
150 202
43 98
182 219
0 205
141 219
9 123
112 237
15 146
225 255
25 93
2 205
43 209
21 62
202 234
51 243
26 85
7 132
61 132
32 173
61 104
13 91
12 81
237 238
75 99
234 242
54 197
67 196
62 90
162 173
34 106
64 207
66 211
195 250
6 95
82 241
99 107
78 87
13 159
117 220
81 95
49 160
173 215
97 172
153 183
20 81
73 118
15 91
131 243
57 137
157 170
105 154
19 255
83 175
223 224
25 38
20 189
6 186
205 240
123 162
34 215
78 178
75 187
24 110
28 137
30 187
25 61
241 244
66 79
29 200
20 226
166 207
210 249
199 250
45 164
215 217
0 82
42 241
52 197
92 175
26 99
72 209
12 108
79 149
56 135
16 90
138 236
41 125
63 156
9 199
63 149
118 220
81 251
55 107
143 159
67 246
154 178
164 178
101 181
54 193
17 142
4 207
3 191
4 87
178 211
37 123
57 89
40 85
61 142
71 157
41 88
8 50
37 220
3 178
130 207
94 230
11 161
15 134
88 120
33 84
4 124
74 133
46 168
142 203
145 212
28 80
18 69
0 86
106 236
90 248
176 243
215 222
142 168
70 145
74 209
72 193
9 128
85 208
39 113
31 155
1 168
85 251
36 214
32 252
189 198
157 241
210 252
180 235
21 41
24 240
176 232
95 185
71 239
31 218
18 161
74 106
233 236
68 195
77 170
61 81
69 89
45 131
6 102
27 149
237 239
32 44
218 243
165 204
39 64
141 207
128 204
108 109
74 252
38 151
5 134
146 153
197 237
15 106
14 42
45 183
116 195
38 48
180 199
138 223
193 242
107 186
109 181
26 169
88 110
176 183
22 112
142 185
197 205
19 208
135 226
120 197
24 77
65 73
2 249
26 104
9 97
0 91
102 214
106 177
99 119
104 182
93 239
207 221
72 139
60 139
106 168
14 238
117 249
67 255
131 146
40 241
3 92
48 92
59 239
95 192
28 195
125 148
211 222
103 144
10 37
12 179
33 125
80 86
79 153
50 142
4 233
7 232
28 95
25 221
3 86
39 228
87 216
116 164
53 129
168 205
203 254
151 251
75 134
134 180
82 117
184 222
159 237
18 247
88 105
201 241
46 204
147 238
171 255
36 230
237 248
145 253
107 122
43 171
119 177
83 172
8 171
141 157
56 87
75 202
68 114
99 183
189 210
2 70
195 251
44 204
108 138
72 160
40 169
98 248
146 149
63 209
41 249
79 199
37 197
143 164
4 66
24 72
223 238
161 168
188 196
107 109
25 34
141 247
147 191
75 81
5 53
149 175
72 249
85 198
137 148
36 127
54 172
36 193
32 43
78 193
128 242
138 141
128 193
15 46
156 206
63 161
207 235
35 166
20 38
18 187
20 143
62 84
32 165
49 144
179 211
49 88
54 99
125 144
27 252
7 112
78 211
208 233
59 189
95 146
147 195
107 202
11 76
75 249
75 170
66 70
101 246
24 234
39 208
144 219
42 128
245 253
46 184
43 67
100 191
13 78
146 199
139 141
116 142
114 245
139 168
92 254
19 227
112 166
112 183
182 247
21 255
84 92
23 129
154 232
156 207
134 189
97 114
69 137
109 243
63 145
11 38
174 253
153 248
67 228
200 217
48 246
87 238
60 86
198 199
118 119
130 231
0 187
62 214
10 183
203 229
47 232
161 188
91 111
5 93
8 101
61 67
141 145
1 254
70 112
8 113
39 47
18 38
65 184
186 194
106 174
178 240
90 213
173 254
57 208
173 226
50 223
58 198
103 237
75 200
102 227
90 137
28 186
213 243
49 141
70 171
12 104
49 212
143 200
49 52
179 221
39 219
138 185
19 124
81 239
28 54
213 217
11 105
134 248
32 247
55 183
33 134
2 66
64 109
185 253
209 238
40 154
41 85
218 245
217 223
147 254
21 167
102 175
138 234
161 254
224 228
192 197
111 152
98 134
154 172
115 252
79 248
158 217
189 236
82 89
105 243
222 248
50 244
74 105
22 251
77 83
146 197
17 94
157 159
12 224
30 74
183 197
9 155
112 185
47 237
217 226
51 219
66 87
19 162
133 159
2 192
58 197
125 211
73 154
183 255
11 83
214 216
36 190
4 52
241 255
68 225
3 245
18 212
143 210
39 178
22 207
55 176
203 207
209 237
47 248
201 229
124 127
54 208
28 106
195 233
12 72
1 7
73 143
48 249
113 249
117 148
63 131
64 139
3 6
53 101
111 144
104 249
148 242
130 245
54 245
115 232
76 238
152 162
209 249
18 60
78 95
14 126
126 237
61 80
109 203
184 241
156 185
120 121
54 157
215 237
45 104
78 203
48 194
49 70
2 247
159 166
213 226
113 126
145 162
67 200
54 250
172 196
131 235
71 128
118 123
74 192
206 217
116 191
61 185
47 204
117 238
142 154
40 101
33 110
146 159
126 246
104 208
168 176
194 250
188 251
173 195
49 123
21 231
70 92
45 70
56 143
108 133
56 74
25 128
58 207
32 199
78 80
94 236
145 208
87 151
8 137
171 215
98 145
170 202
97 128
124 239
63 90
81 208
115 194
129 226
2 138
163 223
175 231
104 192
165 178
16 227
96 196
114 214
138 238
157 185
25 208
219 251
120 193
122 137
9 76
36 74
55 167
87 113
96 113
107 195
76 121
233 251
43 76
52 83
61 124
74 243
5 75
60 167
161 165
70 89
62 165
176 231
9 233
99 140
136 166
39 92
2 52
107 135
60 226
119 123
115 172
17 195
9 56
0 45
19 138
17 237
174 218
14 183
9 92
54 84
60 223
4 46
6 224
187 235
103 122
15 53
244 253
9 87
126 223
71 206
7 64
20 71
28 154
13 14
194 233
38 43
192 201
110 234
60 162
40 213
140 221
84 243
25 81
208 238
72 117
79 92
60 81
11 170
35 48
18 158
43 146
10 96
98 148
209 226
9 66
17 211
57 181
79 229
78 117
26 188
107 148
128 189
222 230
104 253
74 83
13 160
39 163
156 170
76 226
24 191
131 239
99 117
101 112
76 170
152 223
91 96
21 129
65 203
32 169
64 156
4 142
11 159
45 145
128 210
90 254
91 235
72 123
108 152
30 192
47 129
30 235
174 233
154 173
136 152
123 182
50 126
186 205
250 253
63 143
193 222
33 208
82 235
163 250
50 72
77 149
122 156
68 138
140 226
23 187
22 237
43 48
111 173
238 253
8 209
37 148
50 144
25 99
170 178
35 151
79 227
20 97
201 213
177 233
148 240
80 91
8 124
39 166
102 205
47 243
47 124
113 142
158 172
48 61
28 55
50 227
68 213
47 235
201 228
156 224
97 241
64 162
73 247
75 220
116 150
148 215
62 67
84 192
112 196
85 246
37 153
115 154
89 230
77 88
1 188
169 195
15 102
54 135
28 242
124 175
96 158
27 233
76 223
38 150
79 136
101 212
75 87
118 244
114 229
151 236
66 255
6 50
206 227
3 79
4 100
64 217
75 78
113 164
173 189
42 109
2 98
56 88
60 124
127 177
97 150
26 200
86 220
127 243
87 155
139 250
98 209
61 250
47 194
185 225
114 248
118 195
17 169
19 49
23 127
142 146
127 252
100 121
18 231
166 247
131 166
149 178
143 201
136 196
59 151
140 161
34 204
50 180
173 207
36 121
8 109
78 233
29 95
170 249
101 138
66 146
36 227
56 245
107 191
80 128
136 237
136 149
130 223
70 146
122 180
5 230
97 105
135 197
100 208
62 232
14 204
188 230
81 105
32 235
47 181
36 120
166 211
196 200
103 114
22 145
181 202
35 175
107 252
126 136
181 203
21 150
3 110
98 170
195 221
90 155
3 51
3 210
35 50
55 108
114 234
69 107
131 182
109 165
62 100
21 121
59 255
159 250
28 211
69 88
42 169
116 176
119 152
0 221
153 211
25 178
102 241
222 228
45 109
79 98
69 75
198 233
48 73
77 254
120 255
23 209
41 112
17 216
48 157
139 208
120 225
28 38
164 188
28 146
108 243
1 186
222 238
63 134
42 175
0 168
29 248
104 191
100 115
136 242
28 156
47 227
189 245
157 167
182 227
84 163
70 244
102 144
85 129
69 123
74 160
52 57
48 126
68 217
6 16
52 68
40 235
18 86
126 142
224 226
74 81
25 173
30 75
25 40
232 255
181 229
95 193
71 77
25 53
192 196
43 201
148 249
184 230
46 64
30 132
113 132
17 143
198 217
225 250
140 147
79 114
92 202
120 163
48 154
55 247
38 128
110 254
132 186
26 174
4 161
98 187
96 190
27 157
28 194
96 222
212 250
75 188
82 150
8 242
63 75
113 174
77 167
72 127
36 228
98 101
71 245
27 147
57 133
9 229
86 242
82 140
177 185
58 101
172 192
76 228
109 160
74 152
91 230
54 202
40 70
32 193
99 110
142 213
130 151
67 124
14 63
32 145
17 202
121 206
120 192
139 178
46 196
194 220
96 166
55 146
98 213
41 237
131 160
194 204
51 129
103 244
106 148
104 241
44 103
175 194
160 211
202 230
4 137
93 207
112 210
69 171
21 65
28 40
26 119
211 230
178 188
161 202
34 217
128 202
14 248
9 143
53 231
130 182
19 70
71 208
65 89
150 185
3 150
153 207
64 166
25 243
72 222
41 106
128 227
211 227
173 242
173 245
130 250
92 203
110 177
16 45
82 184
9 169
203 206
226 251
191 220
4 234
74 104
3 105
119 121
102 154
126 154
192 255
229 232
64 149
31 199
9 130
32 113
83 177
72 174
12 227
23 220
214 245
58 143
4 50
117 136
42 232
8 133
7 120
82 208
47 201
78 221
2 222
64 95
128 134
56 110
69 181
42 253
28 78
38 247
10 230
176 227
84 224
38 72
145 180
103 211
68 218
186 241
119 207
64 254
74 240
6 105
29 107
34 231
46 201
5 79
20 192
31 192
13 152
30 163
26 83
109 168
84 104
164 247
115 190
15 117
233 242
32 72
128 164
7 84
17 153
186 190
31 77
105 109
123 188
121 242
220 226
37 141
103 155
108 160
70 229
63 224
3 81
25 223
10 188
11 44
52 250
206 207
99 191
142 147
52 182
174 177
141 159
75 253
35 191
5 220
12 193
156 254
24 46
14 136
85 176
45 101
163 171
46 252
56 224
13 255
120 240
20 36
110 190
74 113
94 210
167 239
19 25
63 189
63 228
207 245
114 156
45 245
105 147
62 210
57 172
139 140
106 180
130 244
85 175
176 239
38 211
1 223
83 214
54 165
90 115
32 152
46 248
198 219
207 211
32 254
2 60
116 201
160 163
1 12
53 181
85 221
39 199
30 128
128 215
69 205
69 249
53 57
120 177
99 113
101 151
119 139
33 193
234 252
62 253
33 179
92 247
32 203
84 158
142 215
167 235
94 143
132 173
85 134
39 249
248 255
196 226
141 214
234 244
26 44
136 183
19 148
14 170
100 133
27 249
14 65
22 189
77 227
87 221
198 207
41 47
77 104
58 251
114 154
74 229
47 213
46 62
51 246
56 247
118 121
109 121
138 153
52 99
192 211
61 225
68 101
116 161
95 106
56 94
6 189
76 247
44 112
2 33
14 211
43 160
75 124
227 230
88 91
176 205
48 125
80 106
0 89
129 210
49 227
16 168
38 50
122 245
63 82
44 132
128 220
33 138
141 241
75 107
28 145
24 251
85 111
68 188
133 155
13 133
73 79
126 180
64 114
131 209
64 148
145 170
73 160
144 152
20 47
74 234
61 177
46 240
63 240
68 226
154 248
39 176
50 190
1 39
43 151
76 81
78 191
9 196
76 98
90 220
108 127
94 185
16 145
110 164
148 228
236 250
201 236
181 214
35 67
117 250
10 122
28 61
191 254
38 166
8 146
78 225
3 58
207 225
79 230
11 201
145 189
200 246
2 9
4 209
127 194
117 145
5 14
28 224
31 139
189 249
56 167
181 247
31 86
25 105
45 134
177 237
104 113
154 217
84 124
38 81
85 181
69 172
45 97
71 237
122 212
22 163
14 25
24 180
13 80
94 144
51 238
133 235
193 252
93 219
35 97
4 202
65 67
6 35
55 162
227 232
65 190
31 79
133 137
26 29
93 250
122 182
99 222
100 201
198 200
120 184
116 122
50 251
142 243
153 210
124 154
90 142
65 239
33 195
105 195
89 95
161 236
74 110
160 249
66 193
207 217
59 225
182 192
117 217
31 48
171 234
181 212
161 255
91 251
77 255
183 194
145 147
27 62
38 95
65 252
196 205
141 231
15 93
34 41
78 130
183 227
4 243
131 189
222 253
214 232
146 217
22 173
53 222
5 18
120 248
228 230
83 234
56 65
109 215
61 85
57 112
58 90
104 116
78 162
84 181
18 165
31 162
245 254
76 243
48 208
32 90
142 181
12 155
199 202
117 120
101 237
60 174
0 42
157 239
6 10
134 141
7 141
161 230
15 137
91 229
29 97
4 117
87 203
127 154
87 114
17 138
103 157
222 232
25 219
152 155
51 112
23 33
228 252
55 190
188 192
213 222
143 232
155 221
141 223
140 197
101 240
143 154
87 185
24 102
137 245
98 191
190 242
82 245
117 132
198 204
97 239
43 232
0 139
29 70
41 230
16 89
25 241
62 254
19 134
51 245
107 205
81 100
182 218
13 237
243 249
168 171
31 98
73 206
69 197
7 236
88 169
23 191
122 248
1 124
83 125
148 173
13 212
162 240
121 182
79 237
84 184
2 53
124 240
207 209
11 88
40 227
62 149
170 215
9 158
77 80
150 207
93 184
15 105
36 176
60 216
72 80
119 147
227 249
145 215
8 75
21 85
164 249
75 80
39 244
12 140
228 244
126 143
18 221
105 149
29 146
162 227
91 197
1 110
72 134
186 214
14 46
181 241
106 167
114 137
162 178
163 242
0 243
79 213
146 201
88 134
18 229
54 65
5 76
119 197
10 72
125 127
66 92
24 195
130 224
33 160
5 119
20 211
56 106
102 240
88 104
160 206
144 203
8 224
185 247
84 132
34 207
186 225
184 247
132 206
4 44
18 64
18 110
2 54
113 224
5 157
141 210
123 203
40 52
57 157
98 224
33 139
15 244
42 240
139 180
82 123
46 245
78 196
43 130
57 251
41 120
147 153
106 124
154 228
98 255
141 235
42 62
121 198
157 162
136 238
57 249
88 101
147 172
8 231
4 197
83 197
224 245
184 246
125 202
44 55
205 221
121 249
33 81
48 137
97 103
106 237
19 67
39 95
131 234
45 147
161 180
43 225
180 250
195 238
71 226
3 126
165 239
86 160
89 124
117 228
147 212
170 225
164 211
134 145
164 168
39 187
161 216
99 141
112 130
87 100
43 69
1 164
81 88
37 46
73 222
29 41
121 145
15 50
6 249
96 167
139 143
98 183
133 209
77 93
57 65
32 184
20 41
122 184
159 228
41 185
15 157
191 204
19 203
170 238
145 166
44 236
16 138
120 152
47 69
83 211
131 213
96 123
24 201
19 174
34 89
47 180
177 250
116 202
216 235
31 217
39 102
16 35
213 225
154 219
40 204
6 181
100 182
182 230
58 153
2 34
94 233
22 205
38 84
113 197
179 239
36 73
121 147
30 180
104 218
56 213
38 155
11 174
19 145
66 94
20 236
38 136
30 83
8 167
179 250
1 104
170 229
85 96
127 159
41 244
12 170
134 237
82 106
71 74
29 183
13 26
139 177
76 120
150 189
42 46
176 206
113 243
68 181
21 132
36 161
141 212
0 7
23 212
112 214
42 168
22 40
215 226
62 108
87 144
49 138
20 141
72 108
21 232
75 95
110 183
18 44
148 153
83 86
40 130
96 230
70 210
86 141
71 193
216 228
83 104
42 243
78 143
28 110
155 232
98 203
64 227
126 170
17 83
107 163
85 158
1 228
68 111
92 231
178 224
66 119
11 146
150 255
90 100
152 188
148 202
21 171
17 95
6 143
59 154
28 83
184 209
62 222
37 224
25 248
71 152
52 86
133 157
102 126
55 112
89 171
34 247
60 253
202 204
60 114
226 247
38 181
27 118
95 149
44 222
93 134
182 193
105 222
41 65
83 250
95 118
125 205
39 100
97 193
232 246
94 177
13 105
127 212
149 189
89 183
117 133
31 92
34 54
155 170
36 149
182 194
89 181
165 216
33 136
122 158
92 230
146 231
114 178
176 251
74 161
6 212
65 133
111 176
86 162
31 119
23 57
113 141
7 223
36 43
204 228
99 206
57 60
185 223
34 43
55 194
74 213
88 245
68 100
172 240
42 212
62 183
79 164
104 137
238 255
35 193
105 121
171 184
80 246
77 114
3 217
168 239
212 222
107 119
8 15
73 243
154 205
135 185
172 203
100 120
89 194
152 156
131 237
8 12
158 231
154 194
29 150
43 207
31 154
181 255
44 130
8 203
125 194
121 208
24 78
30 73
117 210
104 189
82 93
75 203
47 215
137 159
6 243
152 154
72 115
15 125
199 214
221 245
1 71
24 165
85 165
56 119
43 161
195 247
159 241
67 107
71 143
173 244
51 213
57 177
71 252
144 192
182 201
67 121
108 192
10 162
3 21
48 234
231 252
75 93
59 245
11 147
18 188
100 223
96 105
81 206
68 172
42 228
86 148
72 181
26 63
39 241
41 101
13 242
47 73
3 72
92 98
12 243
94 156
53 197
58 170
34 246
47 146
179 222
116 124
129 168
134 193
86 99
157 246
237 252
63 203
150 201
11 80
73 220
195 196
32 111
17 180
194 252
9 177
48 163
107 111
59 233
34 224
44 243
5 178
152 249
135 175
64 93
12 238
2 87
106 196
73 255
65 82
157 171
6 14
127 178
6 89
19 142
109 213
91 237
235 237
77 221
142 190
58 174
100 186
42 210
55 113
70 185
183 222
31 251
40 178
150 244
10 115
38 120
26 253
97 209
68 194
13 238
157 164
89 199
160 186
0 4
62 129
189 239
20 190
180 253
30 209
178 186
90 151
67 245
36 41
177 200
111 124
34 129
204 214
195 214
65 103
174 220
66 91
90 140
92 173
195 239
178 197
134 170
83 85
0 154
25 96
199 223
157 199
152 226
93 94
92 219
219 226
54 57
44 117
51 113
35 169
26 55
5 168
60 198
70 174
97 146
1 92
75 132
9 84
181 207
146 161
103 226
12 144
184 198
38 238
102 158
126 248
6 33
145 177
52 159
8 194
144 170
124 229
27 124
63 137
127 157
80 241
142 233
11 142
68 95
152 165
93 209
43 103
121 226
126 231
14 189
23 168
160 214
53 172
41 133
101 176
69 145
77 135
209 230
7 31
134 204
108 246
43 118
100 156
12 164
71 137
83 171
135 166
230 247
124 157
47 118
101 242
144 213
112 205
66 217
127 230
74 195
102 119
43 81
163 236
75 115
177 186
6 217
45 162
135 209
89 129
133 147
103 198
174 252
42 127
68 219
24 249
247 248
85 154
82 205
36 224
179 224
11 70
31 57
105 119
107 217
92 114
52 151
39 183
27 185
77 229
17 78
44 46
48 79
111 172
46 98
125 201
179 240
16 17
100 175
49 183
51 189
193 243
195 230
25 78
92 165
22 157
105 208
191 226
89 138
130 220
18 220
53 131
138 195
103 243
83 113
220 231
81 207
148 205
19 188
41 245
125 200
168 234
47 134
143 215
233 246
50 219
70 209
49 194
153 234
129 247
32 127
59 155
41 43
17 167
55 118
236 252
70 121
92 121
58 66
45 195
59 148
38 132
174 202
29 46
52 238
242 251
95 195
107 164
78 141
39 111
140 183
116 254
20 186
24 75
120 167
203 245
123 187
42 237
131 242
160 205
70 95
230 242
24 243
9 243
9 147
91 99
12 48
135 180
182 244
65 254
13 253
55 235
109 180
43 253
63 107
29 45
69 209
1 32
40 211
111 156
41 182
34 48
13 129
139 185
66 248
6 23
61 64
52 117
70 183
7 117
162 239
56 129
15 254
61 171
123 221
35 152
47 255
66 159
46 253
36 196
143 162
121 193
100 154
7 67
73 173
147 245
14 44
96 104
19 233
79 94
51 73
49 95
221 255
119 180
69 221
161 248
130 205
144 237
138 187
3 66
33 215
124 198
200 205
199 231
0 135
102 235
34 161
84 240
68 151
5 238
2 135
181 236
76 215
68 158
124 220
70 84
176 212
0 102
6 73
47 178
34 165
98 238
118 191
37 76
93 224
146 212
12 110
121 169
22 102
102 210
103 163
188 231
201 217
81 126
51 158
162 171
86 252
220 246
80 147
115 160
50 236
157 184
174 184
97 223
60 208
224 239
75 238
46 59
120 227
20 56
60 100
94 234
57 194
189 224
18 138
141 190
45 84
172 198
5 234
22 75
145 191
27 195
99 159
9 251
53 164
166 188
46 113
27 134
143 187
25 196
4 221
100 190
47 241
221 240
130 169
37 89
137 209
9 127
22 93
62 225
123 222
13 16
25 63
79 244
59 181
21 64
105 178
64 140
101 121
49 168
115 208
89 146
67 97
51 124
15 192
25 203
66 235
66 219
232 238
124 196
59 121
176 244
58 210
4 47
52 236
137 163
2 188
13 207
100 236
40 107
140 174
37 47
18 156
24 157
61 87
16 184
97 117
174 197
144 155
5 247
138 237
106 208
201 235
245 247
53 90
0 207
68 159
122 164
62 162
177 184
44 183
81 136
15 226
14 180
29 72
32 83
150 155
60 220
26 239
59 253
81 158
5 196
98 129
49 224
96 116
98 155
37 77
18 153
21 180
182 189
48 179
67 71
20 29
162 255
0 5
13 67
123 190
67 157
35 198
56 92
247 251
123 229
91 156
82 115
122 165
39 80
128 179
10 235
78 230
152 247
71 134
44 85
72 200
92 198
45 148
98 114
88 204
133 165
154 245
104 251
21 54
141 253
123 189
156 211
34 201
51 52
184 221
1 112
41 132
27 177
91 119
106 229
168 198
88 149
127 169
101 184
74 155
35 76
159 174
95 198
60 239
143 254
108 185
92 149
77 206
42 97
100 213
111 141
153 226
23 219
27 115
79 211
119 191
197 198
54 68
27 140
48 74
8 65
155 196
27 224
32 138
42 47
1 191
41 170
174 180
143 221
17 122
197 215
97 194
14 70
220 233
11 37
28 228
210 220
23 233
33 171
102 177
160 210
10 193
81 160
86 178
179 220
35 190
24 210
162 197
27 77
53 140
11 34
13 231
11 250
118 228
28 248
205 218
87 219
66 130
2 61
31 59
161 242
155 223
10 222
43 210
86 140
98 147
177 230
84 211
3 135
194 238
40 73
220 247
151 155
90 244
135 168
12 129
52 100
139 215
177 179
70 203
30 194
160 224
2 232
72 238
90 185
154 168
104 243
6 140
29 101
17 93
35 60
12 88
47 136
52 126
85 159
41 177
95 176
6 129
149 219
217 231
61 108
48 82
161 170
73 200
75 147
1 203
175 245
0 233
79 130
73 82
54 140
156 229
132 195
132 172
24 237
152 164
150 212
116 213
113 204
19 197
94 175
161 244
36 207
27 226
114 249
196 223
30 206
94 157
70 194
81 99
10 97
121 201
15 253
17 200
148 163
74 194
154 240
24 218
73 227
187 210
59 74
85 125
109 233
15 200
115 216
116 163
36 55
38 129
91 222
76 203
7 104
13 204
99 148
169 178
47 102
56 215
34 172
165 249
107 123
34 71
74 125
75 84
100 185
84 97
121 149
81 106
4 92
85 174
229 234
129 167
29 47
2 29
15 250
79 86
137 241
89 235
142 183
85 127
11 194
77 203
184 204
130 229
67 111
8 164
90 245
178 236
69 253
114 152
110 169
15 62
242 244
14 205
108 145
174 231
82 135
1 87
58 135
20 214
46 199
15 26
212 251
77 224
8 27
216 240
21 155
43 150
1 205
85 131
59 186
4 165
117 230
137 247
165 241
54 67
141 152
46 209
3 82
84 87
55 92
102 123
70 101
170 174
25 44
146 170
39 231
113 203
215 243
115 219
19 155
87 159
3 17
135 242
52 53
11 177
205 242
138 172
171 202
152 235
40 192
221 222
214 241
230 248
0 216
20 57
113 156
110 129
39 203
117 205
214 230
168 249
101 193
113 178
184 192
21 81
69 144
32 49
43 142
164 171
106 179
241 248
12 185
171 248
22 182
144 190
29 229
63 92
149 242
72 211
69 182
55 187
39 250
0 190
120 200
51 137
56 184
14 48
5 83
55 217
177 210
119 192
127 255
18 93
29 139
21 29
142 254
96 211
107 128
149 151
184 243
35 98
114 115
167 215
36 80
132 149
90 147
209 211
52 80
99 116
20 89
11 212
143 253
152 171
76 92
145 182
153 194
1 82
195 249
174 206
57 178
55 95
163 188
59 147
109 114
116 159
134 221
59 86
22 232
78 157
63 146
93 187
136 254
23 56
60 141
53 176
31 250
4 176
38 86
129 137
43 180
54 90
193 248
112 151
134 245
184 232
99 227
93 235
80 188
76 82
62 119
58 215
10 50
166 224
28 161
117 246
59 234
68 244
48 183
200 215
92 236
118 232
170 223
136 231
86 159
37 113
73 217
54 73
83 201
83 216
227 243
161 253
30 199
1 244
1 198
155 177
21 131
120 185
110 204
68 164
119 229
129 136
2 172
93 174
7 86
136 151
97 254
15 69
14 202
17 55
3 198
3 34
195 224
31 198
90 104
86 199
24 82
26 76
133 158
5 123
160 217
2 72
72 142
151 214
3 104
220 251
9 174
49 157
136 191
192 242
143 250
29 205
10 179
129 170
76 177
77 91
0 43
19 207
161 183
102 148
32 211
16 77
83 161
80 94
52 234
7 108
1 146
16 80
30 98
88 128
236 239
66 116
29 231
42 44
31 176
228 236
5 43
26 31
68 119
44 127
162 233
46 160
171 251
84 156
144 194
198 246
16 114
21 125
136 181
90 121
60 112
153 170
204 255
16 166
50 97
204 216
55 155
51 171
121 250
12 219
29 86
85 94
23 161
74 85
52 154
85 142
17 113
17 21
36 112
58 131
37 180
159 200
100 166
119 199
15 161
164 214
136 137
90 181
1 33
53 84
42 182
19 119
92 194
181 206
147 161
28 200
25 131
47 108
13 162
135 190
54 168
66 72
144 212
20 203
72 191
205 233
64 197
153 251
186 200
219 222
10 46
85 152
71 219
80 143
32 183
22 126
181 220
49 122
3 127
57 190
171 191
45 68
103 209
16 61
8 216
168 206
9 187
94 184
167 197
198 239
17 112
16 157
105 200
29 115
202 251
91 205
60 155
49 223
110 218
15 52
199 227
227 228
18 240
65 199
38 216
107 242
70 204
44 196
85 182
24 148
99 177
22 170
50 69
49 126
13 137
90 241
24 171
46 103
48 159
125 177
68 212
22 104
166 245
28 64
14 114
231 251
18 168
137 169
69 180
24 158
140 230
190 236
15 255
218 235
11 189
13 104
175 212
102 224
141 203
170 220
151 221
49 176
167 201
70 158
189 250
26 65
17 125
74 126
92 233
1 63
66 132
68 69
90 133
80 196
1 233
81 193
5 55
145 234
104 124
188 203
50 218
43 50
166 216
30 89
40 128
26 66
158 243
138 213
7 29
125 240
195 232
118 136
142 247
57 102
124 201
150 211
3 53
217 228
170 198
11 92
130 212
22 212
129 246
164 232
47 97
17 149
136 172
106 188
155 218
79 97
177 251
149 225
51 94
23 106
81 168
64 204
87 181
186 244
108 186
45 88
57 126
207 237
24 141
162 235
84 220
11 167
207 210
134 233
142 196
10 20
157 224
86 205
66 249
86 110
38 126
29 199
61 149
80 135
132 136
13 79
52 116
195 244
6 83
161 225
41 243
50 158
16 240
196 229
37 201
222 246
16 30
126 202
41 91
188 235
104 217
2 86
155 201
66 149
25 37
87 210
79 133
38 53
200 206
123 142
9 20
76 178
76 103
105 210
40 253
32 233
106 158
161 231
60 104
135 221
127 241
65 171
116 162
85 222
86 149
10 84
68 98
175 202
139 253
166 212
76 236
78 251
4 230
61 174
54 237
19 80
78 217
71 207
86 179
135 142
20 144
90 107
144 214
59 88
8 254
60 93
48 75
133 213
12 23
74 114
38 108
40 92
58 147
117 248
0 244
105 122
19 68
204 207
112 221
216 230
134 191
196 202
52 191
66 234
106 115
128 254
139 170
141 252
158 252
99 199
62 64
76 128
65 241
48 156
150 175
152 207
8 79
22 76
159 207
183 212
172 242
7 225
186 224
79 143
205 228
52 217
98 252
51 95
80 198
82 217
150 217
95 209
148 239
181 185
28 77
35 138
38 241
11 139
109 217
2 215
148 237
124 176
202 235
58 222
62 123
175 253
138 218
59 123
134 175
67 95
41 184
67 222
59 164
47 109
104 131
183 208
86 235
17 60
106 112
35 224
44 193
85 132
22 85
192 217
98 189
110 130
200 218
0 99
164 192
141 173
37 136
28 250
47 138
56 193
17 85
130 228
10 21
32 149
212 237
153 185
37 42
92 167
13 181
11 87
120 235
25 43
55 122
82 202
52 170
53 175
5 155
84 105
22 218
89 106
146 240
7 206
5 221
196 248
14 143
185 241
127 192
115 234
233 238
168 242
40 242
31 45
62 213
105 231
46 218
41 201
139 222
58 83
46 233
9 219
165 234
97 142
89 142
14 148
99 249
137 184
149 221
74 208
16 83
61 145
84 143
85 109
174 196
30 105
23 128
196 236
41 141
16 174
162 174
209 242
94 141
42 236
4 150
174 251
102 212
96 220
20 172
71 167
7 81
214 253
227 234
21 207
137 195
65 117
79 158
61 210
80 207
150 229
22 151
3 40
30 69
66 228
4 231
115 149
84 222
155 164
165 223
141 232
48 60
198 249
125 151
152 205
36 170
190 233
103 246
168 186
162 180
139 211
25 97
96 146
35 147
76 148
41 67
121 191
16 78
167 240
46 155
1 76
49 80
19 51
6 167
75 169
40 223
110 246
73 240
139 187
63 249
43 186
132 221
75 97
70 172
64 171
161 235
18 108
102 163
188 254
5 229
115 126
180 245
94 114
108 168
168 244
67 203
15 55
109 130
99 126
97 198
16 149
34 69
21 213
231 236
157 166
2 117
161 214
26 116
39 206
37 135
25 204
87 93
21 60
201 202
111 231
117 233
19 185
232 240
76 227
12 106
130 140
109 208
167 212
4 39
91 194
11 219
197 207
104 123
117 215
148 225
156 199
84 120
44 227
71 255
55 69
69 133
51 92
111 174
7 171
30 211
120 211
147 167
47 197
18 87
153 221
29 33
20 197
159 167
191 202
197 240
116 117
64 206
6 117
33 132
60 136
43 159
4 8
14 210
71 86
227 251
129 243
14 192
189 221
1 250
11 209
66 153
202 239
94 183
161 246
52 142
81 109
8 41
51 128
145 226
98 149
138 175
83 215
19 150
86 222
201 244
3 251
210 212
45 95
108 252
122 172
3 252
176 229
190 221
27 80
21 229
79 194
57 254
155 193
54 231
196 221
181 251
1 67
74 102
11 101
7 12
28 66
83 230
60 65
100 247
21 196
68 196
1 122
49 115
60 97
55 220
162 202
132 190
104 114
30 64
54 120
112 154
232 253
128 172
14 93
151 197
108 210
165 189
95 120
54 56
59 83
4 232
57 85
25 236
48 155
51 72
95 142
83 131
51 253
83 207
1 208
198 205
24 91
217 243
102 121
142 151
17 100
50 232
15 44
134 139
80 139
124 250
131 247
74 158
122 174
122 230
9 43
95 181
46 129
106 117
90 189
10 159
150 227
16 52
66 181
85 97
20 106
26 160
211 241
36 123
92 204
205 249
90 174
2 152
118 218
53 237
56 123
21 112
60 119
51 100
11 133
90 145
101 217
43 239
171 179
17 225
137 205
80 200
106 166
138 147
220 255
15 80
155 212
4 134
12 195
141 255
49 125
9 188
196 234
148 236
7 242
58 134
28 141
12 15
3 180
129 178
119 249
222 225
33 180
95 241
141 188
154 156
113 161
173 202
27 207
29 179
64 120
134 156
3 91
17 91
88 150
53 199
33 76
48 255
173 212
1 121
132 179
21 126
93 98
46 213
155 252
25 68
46 211
42 118
101 235
31 95
65 156
108 184
179 238
108 173
21 143
156 184
44 56
15 21
173 194
108 239
2 112
190 205
142 225
6 115
10 48
32 137
93 186
51 160
31 153
5 71
118 188
55 244
169 202
146 208
26 141
2 26
163 202
76 96
30 153
198 216
27 222
109 195
180 192
193 210
200 214
14 29
13 166
42 202
112 163
112 155
212 255
56 217
58 82
32 142
134 201
151 165
9 11
137 210
62 70
129 252
91 152
43 62
137 196
22 34
49 109
18 37
125 134
10 242
158 201
62 63
129 148
25 113
5 90
64 193
5 68
168 217
74 98
83 165
142 152
209 236
3 107
78 106
2 169
109 200
10 208
45 77
52 214
44 136
37 227
156 195
166 240
136 194
91 167
6 136
94 227
147 168
42 73
7 231
62 110
169 214
6 146
74 230
12 65
32 101
20 54
21 140
147 235
129 134
15 240
98 221
50 57
12 67
94 109
2 250
83 143
87 242
101 180
15 165
44 177
9 184
32 65
38 240
33 169
222 251
168 209
58 97
36 203
196 241
116 149
10 78
16 82
106 222
56 156
53 159
204 239
61 233
42 222
126 163
29 178
73 158
47 142
162 211
88 143
8 215
125 254
93 168
29 80
5 78
53 235
133 237
118 205
36 192
148 213
77 113
211 253
44 101
133 246
1 73
164 181
151 166
9 167
54 227
194 217
134 161
28 185
198 214
24 239
15 145
162 224
78 237
212 246
14 197
103 241
36 119
83 198
65 208
78 153
37 234
81 250
141 238
134 210
19 100
44 89
245 250
26 180
44 163
89 212
204 233
3 160
21 107
15 122
72 99
126 162
164 237
8 44
137 147
170 179
153 232
108 196
113 205
121 158
31 172
161 201
7 34
5 213
46 111
46 207
47 185
80 132
68 175
84 255
21 77
13 39
95 133
2 122
130 174
65 161
50 80
90 106
32 133
54 171
46 83
15 211
62 247
87 206
1 84
8 239
114 231
184 223
83 253
54 88
58 102
96 241
28 167
168 245
75 172
55 110
31 115
28 72
77 175
135 253
172 208
11 204
16 152
133 218
27 165
10 231
57 91
94 105
164 216
106 182
197 253
125 175
4 56
108 123
1 3
179 223
40 142
124 248
89 120
69 184
116 244
87 211
181 217
108 222
42 145
43 196
73 120
42 173
158 210
192 243
70 189
137 150
127 158
61 182
18 90
243 245
32 217
88 129
5 12
13 165
182 248
51 250
9 53
69 188
24 115
101 160
29 225
102 174
56 183
57 158
17 171
2 19
101 143
54 109
26 113
180 216
114 246
189 212
101 167
68 76
12 95
0 252
174 249
47 137
139 157
142 157
178 249
102 250
87 165
14 250
54 244
141 237
22 57
42 105
64 157
123 157
39 223
187 237
132 155
43 173
107 215
63 204
131 251
112 174
118 254
24 112
197 225
41 192
20 184
68 82
188 250
100 151
65 232
73 207
69 124
155 195
143 222
122 211
12 31
164 235
116 173
66 81
30 90
32 131
92 189
28 79
17 166
151 211
42 184
102 136
37 90
168 230
185 242
102 221
9 42
41 168
35 112
127 234
181 199
151 183
30 159
26 225
116 196
31 146
166 167
52 75
135 161
57 248
50 157
130 252
30 248
40 136
21 246
11 244
0 33
109 196
16 198
43 182
150 226
75 205
78 148
130 219
66 86
128 162
44 154
71 81
45 50
7 190
97 244
160 240
193 255
71 231
218 241
22 226
12 249
110 175
2 190
123 132
70 232
172 201
40 152
107 168
82 225
33 55
40 250
83 116
131 254
9 218
1 140
41 149
147 202
20 209
102 215
118 227
50 99
31 107
12 145
144 198
27 125
108 159
44 247
49 135
236 246
88 210
145 213
39 44
161 207
10 175
7 166
25 144
128 251
96 187
96 217
15 70
147 210
45 107
63 130
77 250
152 175
125 253
123 131
82 90
131 198
59 242
231 238
174 213
21 79
29 154
205 252
0 137
6 81
51 144
20 94
209 246
79 219
40 157
10 58
10 186
21 105
213 244
51 75
31 80
68 236
76 191
93 178
96 210
25 201
37 152
102 182
146 225
86 94
54 173
220 252
2 48
120 244
84 150
173 199
94 145
60 72
26 202
106 111
44 179
117 122
21 181
115 192
159 197
130 185
1 74
60 169
76 181
169 209
32 202
69 252
75 245
226 245
225 252
195 199
9 253
56 254
165 220
137 158
97 252
190 211
3 23
89 196
107 223
248 253
64 142
159 251
46 220
30 164
166 177
24 186
118 212
9 63
153 154
13 158
30 156
159 163
10 136
156 210
4 37
6 247
75 113
126 159
86 251
16 127
123 159
5 131
97 164
1 95
2 139
29 89
77 106
192 247
75 137
112 197
40 75
27 56
36 216
79 121
112 222
3 176
28 89
79 175
127 184
6 69
75 209
183 198
165 197
28 216
31 50
77 152
71 136
5 193
86 175
49 244
125 255
161 213
181 184
53 230
90 197
78 201
101 120
40 167
9 106
27 61
113 159
192 235
171 233
69 231
29 121
134 182
118 135
174 212
151 199
113 138
182 254
12 197
7 227
150 168
20 153
158 245
17 148
150 177
56 130
121 188
23 182
109 216
113 223
184 188
34 167
33 242
151 193
133 236
34 242
23 50
130 234
107 219
72 220
2 110
234 246
119 149
158 174
56 218
30 60
60 151
51 139
15 251
140 191
48 227
116 169
0 250
68 140
20 113
117 164
70 123
139 171
0 176
38 140
34 178
147 193
93 234
59 215
25 90
160 235
40 123
51 130
51 200
101 153
127 155
144 222
7 175
79 100
24 111
22 152
64 69
32 126
45 205
60 195
25 69
43 237
94 110
52 254
229 244
175 196
66 208
167 179
8 76
4 55
208 211
61 161
86 145
166 195
25 188
1 23
65 150
80 218
100 235
118 156
54 93
72 76
140 173
82 204
215 241
102 219
27 216
170 208
83 180
92 160
62 204
12 189
204 240
104 126
156 175
23 184
114 185
24 197
28 213
105 111
90 171
61 173
101 229
0 202
47 74
91 138
33 225
28 239
122 224
22 162
7 25
100 118
245 248
218 250
39 192
93 147
24 192
149 168
238 246
6 94
207 212
147 148
132 236
179 254
109 214
58 160
129 253
168 183
15 243
22 27
117 135
189 192
104 109
54 195
144 227
95 162
134 250
126 232
17 47
47 179
151 248
76 101
103 194
154 177
48 216
118 250
204 241
121 127
9 95
81 227
6 9
177 242
68 150
122 208
211 239
0 66
67 239
21 115
156 176
94 95
114 166
3 109
92 182
149 229
74 150
196 207
20 27
119 210
74 176
10 185
51 143
45 243
214 242
70 239
154 210
104 105
13 62
117 188
33 111
38 194
109 246
180 219
203 218
24 71
38 105
187 218
32 224
93 228
172 190
72 224
67 181
88 96
65 174
110 146
200 250
20 178
139 224
228 253
71 249
124 129
17 29
60 176
59 163
131 150
20 164
24 241
30 208
94 179
225 232
86 129
33 122
0 227
33 177
57 227
41 77
60 201
81 187
0 209
88 229
59 200
110 206
71 248
10 203
84 154
177 203
27 130
185 192
56 125
173 239
37 139
13 35
175 198
18 183
92 128
10 143
39 211
47 250
45 206
19 91
19 204
198 228
50 152
4 53
115 142
125 244
85 195
112 200
9 192
144 154
106 161
23 232
43 247
1 38
70 71
36 243
85 110
93 188
76 216
75 232
231 235
94 200
121 132
216 242
47 148
111 148
84 178
75 230
159 218
19 46
219 227
71 90
77 120
76 221
111 255
20 185
83 185
206 208
242 255
16 222
190 215
114 237
16 242
117 237
108 245
21 240
9 137
32 231
150 179
74 149
149 247
176 242
162 231
80 164
147 179
36 117
84 85
133 184
141 224
69 185
128 144
214 243
234 238
41 81
70 118
40 56
22 128
9 135
0 69
38 63
214 249
128 184
185 210
103 150
138 226
115 217
137 173
21 23
89 201
52 210
161 181
195 253
16 32
41 61
8 158
13 106
33 190
100 233
35 178
226 248
51 65
141 180
156 202
14 15
82 146
70 230
31 248
20 102
12 137
80 208
7 208
37 165
138 219
167 252
28 229
159 252
121 254
167 246
91 134
79 220
103 187
166 255
5 51
9 204
93 245
55 123
12 78
212 244
111 246
39 96
115 143
27 95
27 133
0 166
0 226
5 128
112 188
39 161
5 126
173 223
106 123
10 140
217 232
122 222
68 143
72 233
23 211
44 128
116 211
78 255
108 234
66 200
118 202
108 110
44 143
71 144
2 226
64 219
17 82
121 126
80 153
14 160
8 250
4 170
207 218
169 192
168 170
171 208
87 162
36 126
121 143
104 147
158 178
129 235
76 189
59 60
16 187
146 216
93 204
114 230
57 61
50 113
67 247
203 226
44 76
44 66
14 152
45 216
28 160
143 249
105 108
73 148
82 97
164 201
223 251
36 150
59 180
86 167
193 239
91 226
25 158
165 211
153 220
76 214
204 234
104 108
128 246
186 234
126 189
29 54
1 193
50 250
65 225
22 155
120 160
3 168
149 215
29 226
97 238
25 245
25 88
13 49
44 63
15 223
153 241
7 226
114 199
99 208
20 22
112 138
49 86
157 243
210 227
150 181
152 195
22 82
80 163
179 248
226 250
40 196
1 20
177 195
36 86
24 125
119 236
100 162
25 226
39 152
38 168
5 13
51 168
34 171
70 234
191 239
33 197
21 63
24 145
44 199
24 29
16 18
16 91
39 169
24 246
176 222
127 173
154 251
102 229
51 239
201 230
150 159
142 224
117 159
146 182
30 254
211 233
84 112
77 110
33 53
217 245
94 178
5 187
100 178
41 204
158 195
67 134
102 166
117 216
205 243
46 127
49 249
76 183
33 102
116 198
187 226
4 173
187 207
98 123
21 59
56 197
208 243
99 167
78 113
134 169
102 108
136 217
14 17
63 183
139 252
56 221
120 186
57 124
138 184
88 123
130 155
23 152
19 236
8 51
39 138
54 64
172 183
7 179
103 148
121 197
27 139
159 196
63 165
154 158
14 198
8 175
18 160
187 234
12 181
155 180
127 208
138 157
134 251
169 200
119 238
144 217
63 123
10 103
40 194
23 59
115 191
9 148
147 177
14 225
82 108
125 226
9 240
98 169
54 147
6 238
145 203
58 158
120 146
25 70
185 213
26 146
42 245
63 99
49 134
165 168
145 228
73 249
78 116
21 89
170 191
70 149
56 180
58 110
147 183
87 99
31 161
30 136
159 169
116 155
95 220
178 244
154 161
102 183
89 157
56 252
115 195
81 197
123 252
193 250
167 255
176 209
2 198
24 79
31 234
143 175
1 40
54 75
73 178
37 43
25 154
183 218
115 140
81 153
110 252
38 78
125 178
221 248
115 238
107 155
156 238
74 198
60 131
127 130
163 178
140 246
145 187
48 140
22 90
45 72
49 229
39 98
78 248
70 142
135 179
1 50
218 239
7 118
57 204
168 253
128 222
107 207
146 239
47 99
29 119
13 118
96 114
101 192
33 234
21 228
45 57
27 107
189 229
90 153
82 154
145 193
27 135
44 157
169 172
14 178
35 69
147 236
19 189
191 227
72 161
102 138
54 181
60 205
69 159
135 252
31 83
35 197
75 139
113 231
17 77
21 183
249 252
165 242
170 203
115 222
113 145
131 253
17 248
185 245
119 206
81 170
110 163
183 244
65 132
98 228
18 176
59 210
34 111
224 251
98 106
34 157
83 111
44 250
83 89
66 188
67 69
24 54
75 123
70 109
57 191
126 200
27 123
2 214
116 187
135 195
0 20
177 178
55 193
184 210
190 224
31 69
20 194
174 185
55 174
152 216
62 140
6 124
12 253
12 241
22 175
46 166
154 209
87 236
3 4
31 203
71 145
16 206
20 128
1 64
29 162
17 43
20 28
16 218
55 221
50 230
14 105
21 148
33 221
5 197
180 187
116 205
12 198
64 67
10 52
93 172
199 209
36 181
103 219
159 176
56 172
121 228
16 93
15 168
86 150
96 218
44 148
86 195
103 202
40 118
119 212
43 85
206 230
22 39
38 114
35 202
104 134
121 218
172 205
82 126
223 242
120 143
82 170
43 197
38 222
49 207
92 250
62 79
148 194
65 84
155 225
7 243
18 130
52 141
23 72
44 146
64 167
62 194
53 253
87 141
12 96
113 198
28 104
4 186
62 188
175 243
129 228
229 231
55 63
106 143
180 223
40 102
39 213
112 158
189 251
125 150
64 102
32 117
67 159
147 219
80 212
199 224
87 94
31 143
211 219
165 215
41 216
59 178
69 190
9 249
86 114
44 192
2 108
49 136
10 174
1 207
74 95
77 131
144 167
44 100
218 222
131 215
16 253
17 224
91 247
23 43
145 173
140 141
122 239
73 123
7 224
109 127
24 194
48 118
142 251
42 123
63 190
0 185
68 179
55 198
49 167
127 231
68 224
120 134
8 118
73 90
117 165
96 156
3 213
130 208
73 245
231 255
87 191
17 80
165 207
58 199
224 225
204 208
109 226
140 181
229 243
53 88
141 233
14 111
11 226
129 216
194 216
91 132
200 251
220 241
119 179
29 219
10 132
99 198
163 193
92 243
34 76
163 194
86 255
40 221
129 222
6 196
197 213
69 223
206 234
169 225
65 157
89 200
31 65
93 193
31 62
19 64
105 138
109 129
99 176
60 117
43 218
25 75
56 60
46 66
8 129
188 223
52 162
16 56
73 93
97 116
52 155
66 95
114 165
104 159
135 214
80 199
130 145
18 105
44 241
167 230
173 176
111 205
83 222
28 91
48 127
109 141
61 126
72 73
23 159
62 239
140 208
199 254
166 218
167 210
30 76
78 235
112 177
130 171
47 230
88 177
2 124
110 203
76 192
4 95
26 118
116 207
80 202
51 97
145 202
7 170
106 250
4 246
145 165
76 246
118 253
3 115
127 236
8 246
121 236
2 103
33 52
42 214
55 93
34 137
146 236
12 40
114 187
17 145
32 248
116 221
67 184
218 228
117 202
23 79
10 73
29 42
14 218
112 219
42 43
27 246
22 198
74 244
10 64
193 249
103 208
25 107
129 173
149 251
114 170
83 195
122 213
6 34
108 169
112 123
1 167
159 208
135 222
108 201
250 252
228 246
48 52
21 55
18 144
54 213
165 214
26 216
95 158
55 139
85 107
169 186
73 109
118 133
29 144
185 189
59 198
54 248
25 72
82 243
22 156
65 233
70 231
57 147
106 209
2 147
155 245
115 198
124 238
97 200
145 220
36 184
27 126
71 79
26 120
16 65
79 174
20 111
95 110
16 97
57 253
109 187
109 204
53 100
39 177
177 225
179 186
42 78
128 183
46 217
7 167
38 96
132 189
49 118
47 177
169 208
36 64
196 225
29 239
151 217
173 190
67 165
90 130
56 145
56 204
182 185
6 168
128 241
137 232
205 241
36 136
203 246
56 233
55 150
54 186
40 124
88 201
29 59
170 189
35 66
154 220
54 214
123 239
218 221
65 88
37 73
18 223
61 157
34 194
95 178
149 160
79 235
195 229
120 243
156 172
146 160
162 253
68 145
119 143
28 119
56 237
116 123
152 167
133 234
54 215
4 99
81 199
4 163
100 127
4 148
35 140
136 202
23 216
39 243
62 155
141 216
117 175
5 222
204 231
120 183
200 204
93 103
78 244
118 125
10 105
22 71
171 235
124 217
104 161
72 172
65 136
105 188
104 167
168 210
93 104
33 39
104 153
45 142
3 44
88 181
18 65
21 211
30 252
68 93
27 121
149 254
99 186
46 154
102 165
87 239
68 243
117 184
35 39
14 147
50 191
187 229
147 218
189 215
204 219
18 178
11 140
13 61
20 251
30 166
87 146
197 254
106 206
125 132
19 97
105 255
97 100
158 250
223 252
102 206
46 54
110 122
5 84
129 145
8 49
4 30
34 179
198 245
178 254
16 189
0 159
176 249
173 235
0 19
35 196
160 246
91 248
151 215
2 80
30 189
168 228
10 211
167 190
49 174
67 219
32 61
22 248
139 246
56 137
32 160
43 83
67 253
15 85
153 186
35 143
62 199
77 157
155 197
101 228
143 171
16 247
61 235
114 200
65 110
142 237
48 254
49 103
128 250
126 158
122 124
73 187
74 227
2 119
12 202
65 222
38 57
30 242
66 67
4 57
41 233
26 27
53 91
48 185
224 233
38 93
183 251
31 93
99 204
29 57
44 67
125 224
57 171
43 190
43 111
79 231
98 161
98 130
68 187
2 102
89 130
47 224
169 234
0 129
29 244
108 208
113 169
196 215
101 128
44 170
84 117
177 202
9 213
9 36
22 138
66 143
34 134
87 243
161 240
47 105
145 242
113 236
49 189
51 118
85 184
101 130
219 252
33 244
67 209
71 173
119 168
56 203
63 226
160 196
26 87
216 232
111 127
64 97
159 215
30 225
60 255
0 249
12 176
32 210
0 73
41 136
167 191
71 88
90 98
101 165
48 177
117 151
54 143
91 255
74 217
103 177
125 143
212 254
139 166
134 198
141 221
137 200
36 144
134 253
83 170
42 252
89 236
65 138
98 174
120 135
117 191
49 73
141 205
112 161
160 199
52 112
33 185
200 223
233 244
168 197
122 240
80 180
146 169
52 190
35 159
182 204
1 181
51 98
189 242
4 27
35 37
155 255
95 237
41 63
35 101
17 98
19 252
177 198
6 200
139 184
110 192
154 250
162 194
9 79
52 149
16 208
76 171
109 199
14 146
0 9
6 178
194 206
102 242
23 67
124 226
36 152
189 220
83 146
40 149
24 66
39 212
102 110
92 132
24 204
15 48
127 246
19 195
150 191
5 60
31 163
31 173
50 95
26 194
242 253
124 245
6 152
41 90
24 225
114 162
97 151
42 114
147 171
82 98
143 202
109 135
249 251
151 189
27 193
157 172
190 235
148 204
137 161
172 249
74 239
21 146
59 170
64 152
151 159
81 188
141 181
46 131
70 76
142 232
4 43
148 168
61 169
50 143
71 75
20 101
105 232
30 63
26 148
81 183
34 120
100 160
70 90
12 132
39 195
43 181
228 231
5 195
79 170
61 102
24 154
60 111
5 132
18 112
18 248
88 211
34 249
167 187
84 131
31 90
59 65
96 231
31 44
73 189
10 254
54 102
43 112
74 172
9 19
39 104
44 118
22 172
160 216
94 158
60 175
33 74
16 126
128 131
134 238
175 214
217 254
54 158
88 106
77 181
11 69
16 28
119 173
80 206
100 172
210 240
102 216
78 159
120 231
149 150
174 214
39 170
72 105
144 160
98 142
60 143
154 179
74 96
23 195
87 195
15 88
131 191
206 236
35 184
57 128
206 239
42 110
207 233
63 215
16 27
68 118
82 196
63 241
25 252
10 142
228 239
21 202
19 215
7 35
154 204
65 83
62 98
108 117
31 113
158 191
37 170
50 54
41 64
50 66
146 196
49 63
189 196
145 171
32 198
125 164
5 202
141 174
45 188
18 117
107 221
3 96
50 207
153 250
35 189
136 146
80 233
6 226
129 238
145 210
133 197
17 57
60 165
83 174
7 228
97 243
122 149
54 115
63 152
163 179
90 154
208 222
40 161
76 245
204 235
102 197
201 254
33 156
20 82
114 233
26 215
18 219
105 160
174 178
110 236
124 204
97 121
157 225
122 194
170 192
114 141
190 220
172 181
104 220
24 32
195 255
42 227
83 251
143 173
71 148
90 182
27 208
46 123
116 227
86 168
95 103
1 215
38 172
160 174
50 183
166 192
50 167
67 193
19 126
158 236
65 198
109 173
128 236
114 164
159 231
2 154
133 161
206 232
163 252
89 216
194 237
11 29
117 192
70 248
7 33
58 136
71 135
109 242
29 85
78 109
83 181
57 145
60 78
89 237
212 239
185 214
85 108
26 152
149 232
85 171
140 156
38 49
56 66
10 39
59 165
9 236
13 244
112 182
63 225
64 178
63 166
100 187
61 186
184 211
44 84
41 232
58 123
41 69
38 74
3 59
42 119
5 226
149 253
136 224
149 196
100 159
45 65
82 239
86 241
66 154
98 124
151 161
36 68
35 68
147 226
116 222
20 231
89 118
65 90
86 154
70 148
127 160
33 34
36 155
47 143
31 182
24 85
202 254
7 159
165 222
32 218
171 223
117 142
225 249
68 186
34 124
73 216
97 99
107 174
26 127
93 213
86 158
229 242
159 204
164 194
93 105
17 109
132 227
172 227
54 119
100 207
59 187
89 211
69 87
220 249
88 155
27 155
110 115
41 73
69 165
160 193
46 243
152 184
53 234
28 237
34 234
189 244
3 183
120 130
169 248
42 84
12 85
8 208
61 119
70 155
21 141
172 221
155 173
87 180
37 166
181 193
15 112
126 203
19 209
80 197
61 129
59 143
83 255
90 117
108 213
17 156
2 126
103 212
3 122
151 195
19 131
46 124
61 245
119 189
12 233
240 252
89 189
157 227
11 124
6 90
149 224
124 162
222 237
206 245
193 214
169 249
179 235
135 235
39 53
68 91
139 159
232 249
6 63
243 246
185 246
12 222
12 183
28 48
27 70
106 234
156 233
40 141
62 105
147 163
5 166
27 172
90 215
41 218
3 111
87 172
40 138
82 94
166 229
28 169
2 120
129 161
9 15
117 189
124 194
4 194
100 155
74 111
118 146
94 172
40 59
102 203
99 103
119 129
6 60
33 162
118 141
110 238
47 208
37 127
36 255
0 123
221 242
115 228
81 89
130 131
94 167
6 66
116 216
21 58
154 196
4 113
1 144
81 211
94 243
49 211
25 167
2 134
84 217
43 193
210 232
6 244
66 133
133 252
36 101
87 116
43 248
83 203
45 53
14 83
26 196
141 199
1 16
120 155
88 170
70 188
55 237
125 129
162 169
56 76
20 32
93 182
95 145
175 225
17 207
61 251
168 188
111 117
27 96
16 113
115 186
81 146
2 111
149 176
134 176
46 67
34 91
163 174
71 191
53 162
0 127
5 145
55 94
133 230
113 217
28 85
1 83
95 188
173 243
86 209
25 182
65 193
72 197
0 116
121 186
49 175
73 104
72 188
126 244
47 206
14 121
81 159
115 215
112 195
88 159
49 59
20 174
52 145
32 92
26 121
35 185
240 249
35 155
39 54
9 80
205 247
92 144
47 75
44 51
27 187
5 172
68 135
137 237
93 241
51 122
25 181
81 244
10 41
50 243
57 220
108 156
69 168
41 198
20 136
24 209
56 216
119 226
121 251
124 178
0 201
108 140
97 152
162 193
6 175
29 252
84 137
52 156
235 241
49 153
70 181
73 161
17 243
14 169
115 199
148 246
69 230
25 118
180 195
27 190
9 113
6 111
126 245
75 146
10 66
42 230
168 238
29 180
192 231
43 65
93 232
152 251
170 171
9 77
83 228
91 150
26 229
57 78
138 202
131 132
63 81
175 216
22 53
37 124
73 195
22 92
39 141
187 253
202 245
102 146
194 231
170 209
99 132
42 57
104 231
128 245
150 190
100 103
28 230
235 246
62 83
3 218
229 236
32 253
70 83
93 142
5 173
30 52
3 211
135 228
42 139
114 144
90 218
210 225
152 187
94 119
216 225
103 225
119 224
190 196
12 225
144 230
78 219
73 122
33 35
114 130
132 245
73 242
149 249
80 157
28 43
11 49
51 85
26 218
19 106
183 231
8 187
174 236
217 238
163 200
154 192
141 166
158 228
137 248
40 181
50 209
102 150
30 47
192 209
34 72
8 73
32 56
10 139
8 181
116 130
36 204
43 202
51 123
74 177
67 114
44 167
169 243
15 61
55 128
0 108
248 251
83 136
164 209
168 193
50 98
137 153
91 193
241 250
50 58
167 194
79 205
172 195
37 172
40 127
73 77
145 199
184 193
77 133
110 213
79 171
37 149
44 181
15 199
249 253
18 75
1 66
42 50
44 87
103 174
78 234
25 184
158 242
25 189
124 232
200 213
151 222
76 251
62 134
72 176
37 173
202 242
27 99
23 123
172 216
23 45
139 245
75 206
7 19
160 238
181 226
146 173
5 167
167 253
91 118
54 95
218 236
220 245
25 231
30 123
86 194
21 230
214 225
102 252
191 201
94 146
6 114
83 226
6 207
3 67
62 135
5 63
51 165
158 189
129 203
139 150
39 253
25 222
85 126
58 61
30 147
87 112
114 118
69 72
80 108
30 196
202 246
13 108
0 172
4 181
98 217
227 240
96 142
37 138
64 169
167 180
55 82
47 70
156 236
26 41
17 179
45 215
64 154
16 62
5 36
25 27
7 254
75 173
35 106
214 219
27 59
40 212
61 208
117 150
17 44
151 157
1 156
208 237
181 231
1 128
122 131
208 240
56 113
180 193
46 224
61 75
146 193
8 35
45 69
203 227
17 182
10 245
21 100
83 145
176 195
37 164
47 48
88 152
7 144
146 187
112 184
105 115
138 249
99 142
77 169
89 161
172 238
124 206
217 242
159 179
86 166
15 185
49 166
51 178
161 209
67 84
94 163
38 164
162 187
12 180
99 242
2 106
94 197
201 246
60 107
4 116
211 251
24 238
45 240
104 142
103 204
56 208
133 229
195 210
9 208
154 239
153 237
25 166
162 229
91 195
34 65
26 48
206 237
138 225
152 210
90 190
51 107
178 248
92 222
8 16
146 168
126 155
159 212
117 167
70 253
163 247
171 189
48 132
35 122
84 107
145 249
75 156
126 235
59 232
185 243
34 39
63 205
59 80
107 198
79 168
130 217
162 213
49 226
35 218
37 167
90 105
104 111
8 132
239 254
54 196
14 245
43 94
17 235
158 234
184 199
185 230
16 143
32 148
102 193
43 235
61 153
24 252
33 83
7 238
117 209
13 98
100 221
84 128
157 190
20 177
26 47
26 190
16 202
0 169
124 234
26 37
125 207
184 191
0 46
103 190
59 93
230 255
67 81
100 139
5 215
14 242
28 50
52 185
75 192
88 162
17 38
34 197
205 219
39 220
82 234
72 140
153 202
77 122
6 131
4 77
30 114
134 236
18 81
76 137
52 118
131 180
7 8
15 71
18 134
179 181
76 83
16 137
15 217
144 176
89 94
108 129
100 173
137 220
60 194
43 68
113 209
99 185
206 253
110 119
64 71
44 165
96 202
213 239
32 135
66 164
108 200
59 162
25 229
134 225
111 202
10 171
149 226
36 81
34 220
169 229
122 226
28 243
22 119
202 206
58 156
9 227
26 226
64 84
163 177
188 189
117 176
87 138
60 189
80 181
137 142
56 115
98 159
82 197
130 200
33 57
40 201
44 88
121 160
110 170
80 223
115 170
30 87
127 232
168 250
208 223
44 254
177 187
4 206
82 246
133 244
65 249
119 133
48 131
81 147
183 187
3 237
202 203
58 240
103 172
10 121
123 140
31 122
116 174
202 240
86 91
62 169
162 181
41 51
139 226
25 142
205 246
99 255
22 59
180 186
85 148
23 68
38 100
81 224
83 128
86 135
166 172
153 206
125 241
3 147
29 93
2 163
58 81
102 172
65 201
11 84
31 133
118 214
48 135
114 216
43 162
52 239
213 249
90 138
83 212
92 200
74 130
183 206
38 139
75 150
144 255
171 221
98 237
48 112
153 229
3 239
105 139
86 119
122 170
81 131
189 203
34 140
62 170
41 107
134 148
61 136
119 198
85 233
92 188
106 210
107 149
43 78
20 240
57 209
26 72
18 59
36 53
83 112
25 89
2 245
137 251
92 171
24 31
180 215
56 85
108 205
35 57
168 252
251 254
141 186
195 209
16 122
119 225
103 247
33 113
81 180
90 152
39 218
19 62
12 99
99 220
67 235
92 113
43 240
168 246
123 126
2 65
152 232
44 219
111 189
21 69
97 126
41 213
219 243
75 219
17 99
47 254
30 191
175 189
67 202
87 208
19 61
97 166
61 148
10 42
131 195
10 130
62 209
143 172
126 150
121 209
165 184
131 208
48 175
145 239
103 249
144 169
179 195
4 253
2 11
31 181
52 168
135 152
146 218
72 110
86 164
27 32
23 196
204 218
32 171
46 91
131 181
79 117
26 84
183 225
20 205
118 201
179 255
52 183
101 255
164 196
85 156
69 73
5 240
72 84
18 68
156 174
29 228
117 239
127 164
28 178
166 200
173 248
91 163
191 229
53 87
107 181
63 101
10 160
76 89
0 179
177 223
190 223
56 242
83 169
28 138
67 101
96 252
20 230
119 125
36 100
9 23
32 215
102 234
34 115
84 126
33 90
160 169
33 189
67 173
8 155
94 188
91 169
163 218
26 251
224 234
30 78
95 214
51 209
187 196
82 144
46 242
15 64
205 215
60 82
79 249
36 104
67 86
63 251
75 76
50 237
94 104
131 172
16 141
149 220
146 192
109 253
80 127
117 211
187 227
37 82
22 225
8 206
7 76
107 254
137 197
150 223
134 229
1 85
189 252
163 210
130 175
1 42
95 255
81 150
108 226
25 48
10 63
90 164
138 154
82 137
34 227
13 254
119 223
117 208
139 172
19 246
109 244
36 250
146 233
183 184
33 198
14 150
71 246
77 94
101 220
92 137
25 76
53 211
43 89
100 202
40 103
115 229
106 195
104 158
132 163
46 74
90 236
56 202
6 236
34 168
52 178
81 231
92 240
72 253
0 117
93 200
20 253
237 255
28 240
65 128
1 22
29 187
21 83
63 102
73 169
88 250
33 170
21 123
65 248
115 155
88 109
145 241
211 255
176 203
10 209
180 233
15 78
48 91
116 140
14 140
171 247
128 229
197 212
217 218
29 34
205 210
125 165
73 133
173 252
60 228
67 168
193 226
78 114
51 242
18 51
190 245
51 225
81 218
137 211
80 242
133 144
69 170
238 249
97 240
56 244
24 89
130 149
129 193
178 252
72 241
142 165
60 118
76 237
2 194
60 237
14 173
4 73
61 243
54 166
100 220
44 72
18 62
129 198
149 223
43 129
65 79
41 44
77 89
103 152
103 145
64 113
183 224
18 47
7 139
140 216
19 136
2 115
82 176
154 211
129 206
182 200
72 204
40 172
85 200
163 170
55 160
33 40
108 137
48 207
160 229
159 225
183 199
165 191
140 186
211 240
37 213
179 206
13 189
189 226
65 196
84 216
33 151
22 29
23 27
8 84
48 221
91 142
143 170
52 243
46 96
172 204
141 175
18 167
178 194
160 171
102 246
221 236
41 210
74 97
4 17
78 165
170 194
158 163
176 185
225 241
92 153
123 165
110 205
83 204
53 229
22 165
80 254
51 99
132 157
63 125
30 212
102 180
75 98
83 126
6 123
1 245
182 242
133 171
81 203
120 216
12 111
75 242
72 93
80 184
178 222
12 175
246 248
47 217
36 191
83 158
5 113
20 114
67 133
28 221
18 201
94 154
8 29
223 248
111 197
58 65
56 239
206 252
44 233
188 207
70 177
41 156
189 197
152 190
59 131
82 129
127 133
3 206
68 128
187 233
68 165
111 222
25 174
78 81
220 240
90 132
20 154
48 229
125 227
198 250
146 184
193 229
100 245
141 239
73 85
61 74
41 217
17 59
160 189
20 213
93 133
1 222
92 248
13 75
3 74
236 245
51 126
15 68
58 225
197 202
23 237
8 211
94 128
33 128
7 131
119 222
83 188
61 128
121 122
103 224
106 141
21 37
135 238
215 240
2 127
100 180
21 119
45 80
119 154
47 72
14 224
190 198
68 102
10 51
193 240
61 116
92 210
201 222
67 68
80 140
114 139
183 241
126 201
29 32
106 191
49 179
40 135
47 78
58 239
123 168
60 115
98 214
211 235
44 142
116 250
61 238
42 103
134 186
18 54
53 233
61 125
66 75
72 83
94 198
2 123
69 110
47 154
68 248
53 89
95 164
94 214
96 98
19 220
118 145
60 179
4 151
97 251
11 207
104 186
43 96
50 240
71 221
11 66
38 73
46 121
30 244
11 97
74 197
13 249
31 94
111 116
179 252
20 133
18 251
110 121
74 175
37 98
119 247
137 172
91 202
96 172
106 150
9 214
151 185
61 201
62 205
35 220
162 242
33 123
38 76
130 206
200 208
34 210
99 163
64 151
30 108
59 84
94 208
198 236
6 158
9 225
105 130
12 139
40 248
1 251
108 176
174 230
241 254
45 201
115 239
225 239
45 90
101 226
207 215
93 139
105 193
47 141
1 210
49 237
34 79
199 218
96 206
72 149
126 251
19 43
126 132
176 219
48 182
162 237
76 77
59 251
26 240
112 245
153 218
175 228
66 98
61 98
8 193
34 155
170 236
25 193
141 236
150 162
146 172
16 235
77 193
18 63
8 17
58 104
35 99
133 232
41 103
1 56
162 166
46 247
40 148
11 20
138 211
1 19
23 228
211 218
101 159
139 220
56 124
124 163
66 108
63 167
41 98
143 156
174 242
25 148
7 143
24 122
27 69
6 214
128 152
43 86
11 154
61 191
113 130
0 36
159 188
137 164
164 203
78 205
71 165
7 219
86 138
83 149
78 110
15 97
240 247
36 164
172 250
3 243
88 253
132 200
242 250
5 203
154 198
56 188
57 114
7 52
1 249
38 135
100 226
128 209
34 95
83 167
57 79
140 146
21 128
37 205
147 253
96 182
52 229
53 160
57 207
103 173
103 221
143 225
12 84
168 243
69 132
31 185
68 108
23 250
157 209
105 216
34 186
75 215
14 208
60 190
116 220
140 211
5 181
18 56
99 147
39 239
102 140
183 243
24 182
115 152
96 246
20 191
70 217
48 196
105 159
1 219
102 195
68 169
100 152
140 184
177 235
127 148
47 87
82 101
29 176
6 251
175 210
118 199
106 197
169 222
129 175
99 247
120 224
108 134
53 76
55 197
94 254
9 201
112 224
43 141
87 246
154 193
150 221
57 127
89 227
124 184
130 154
25 161
64 126
1 14
27 48
144 177
48 94
152 168
48 213
19 66
15 99
160 201
60 144
72 128
13 195
44 223
100 246
85 202
76 254
125 203
14 230
40 214
38 54
109 136
167 185
191 195
114 220
62 197
63 234
12 220
169 188
127 143
108 220
10 101
134 179
46 73
82 134
24 39
55 119
121 211
164 182
30 80
74 107
7 189
13 157
176 234
52 88
24 149
34 101
225 247
23 240
153 195
86 232
75 237
124 249
28 164
83 184
150 252
29 48
161 227
44 244
49 150
96 238
87 207
28 126
45 105
93 242
52 119
43 246
10 241
173 178
42 247
8 56
32 208
29 96
158 190
82 114
35 148
90 247
46 90
104 209
163 225
205 230
195 225
181 245
109 111
38 251
60 178
87 119
241 243
51 154
134 165
128 182
29 73
148 176
223 249
204 232
1 246
49 178
117 138
175 252
127 196
123 231
20 188
124 146
30 171
96 236
0 136
21 154
122 238
31 72
49 235
92 199
128 129
116 223
119 128
35 84
114 181
83 133
55 180
27 159
98 226
11 72
9 150
15 89
171 252
175 235
87 137
133 166
75 246
73 131
21 99
228 229
29 110
178 182
189 219
65 202
43 55
19 111
82 138
66 151
22 176
100 117
50 210
42 220
55 79
48 191
78 181
137 222
151 202
15 214
178 195
188 222
105 156
48 148
58 200
125 190
66 90
222 242
47 164
34 236
51 88
17 129
67 70
33 101
151 188
31 190
26 36
46 93
26 236
155 215
80 107
90 175
82 200
74 159
19 130
54 169
32 97
149 156
88 132
57 110
135 173
37 55
21 220
108 248
203 233
58 194
91 215
9 181
90 97
94 99
42 159
151 220
17 246
76 104
21 26
78 166
181 195
72 229
78 160
94 213
19 125
65 146
84 203
65 124
23 40
14 220
140 249
191 245
20 112
15 237
21 233
193 247
204 244
90 165
158 215
129 255
52 120
57 210
29 204
63 76
61 68
131 152
103 104
97 190
156 193
84 113
100 165
7 98
78 209
50 249
5 64
15 198
42 254
43 149
23 37
30 223
45 252
65 220
186 211
82 190
44 235
125 217
122 207
218 238
22 153
182 245
81 125
73 124
166 206
5 82
87 200
132 220
106 227
88 131
16 236
45 122
25 250
192 215
98 246
87 183
84 187
27 227
85 139
118 204
144 233
0 199
112 175
106 194
152 245
94 217
6 130
46 55
58 232
56 77
35 115
6 46
5 61
176 237
156 160
165 200
13 24
55 219
152 236
129 234
90 180
94 205
43 177
73 145
66 166
2 69
106 212
25 191
34 42
12 61
108 211
29 127
58 241
222 250
135 176
104 112
145 186
43 122
68 127
20 80
137 229
105 124
7 195
4 29
70 130
192 207
85 201
115 214
107 197
38 191
5 106
77 195
68 162
63 242
95 135
65 215
25 165
178 227
156 214
180 202
20 23
77 121
12 171
45 198
50 93
88 227
105 207
204 254
199 238
122 200
57 206
141 251
213 223
154 238
182 206
9 180
80 245
48 167
45 106
156 248
97 183
26 219
107 214
125 167
191 247
98 171
85 220
47 152
30 146
61 156
36 167
26 163
96 154
34 174
62 72
151 191
14 195
245 252
74 171
152 192
96 100
107 117
32 216
44 155
48 172
59 117
135 206
105 152
86 153
35 243
11 200
13 216
182 234
11 221
136 140
25 185
55 80
2 38
117 199
217 255
6 26
197 220
119 255
208 213
45 174
21 111
6 128
192 210
33 75
8 229
22 164
54 100
19 109
33 37
61 118
146 206
41 86
153 176
153 189
78 112
73 86
30 154
60 230
38 85
118 185
66 215
173 211
8 233
71 78
202 231
50 81
248 254
57 117
81 171
68 182
57 211
161 196
10 134
181 221
177 208
233 235
212 242
80 191
79 252
56 194
37 118
66 71
23 130
113 183
149 199
127 247
90 207
70 159
70 77
1 46
66 99
70 190
148 174
196 249
124 227
80 158
29 105
95 144
50 202
115 121
7 150
127 222
28 112
94 107
38 226
148 244
171 187
3 182
107 116
45 152
24 226
91 192
191 213
78 134
25 217
3 32
194 215
191 250
95 165
3 203
9 45
100 216
69 143
153 249
101 215
24 37
150 246
7 218
41 188
4 144
118 231
99 236
105 234
8 245
117 255
108 177
2 201
14 239
105 148
12 33
89 110
33 219
181 232
89 206
139 165
46 118
10 92
3 166
58 250
31 128
3 165
97 163
4 247
212 216
1 97
148 184
144 183
42 166
115 202
111 149
4 127
146 245
69 91
33 86
74 241
144 204
4 157
183 210
41 55
180 243
171 243
0 72
140 182
125 221
104 201
61 176
21 206
11 190
22 68
13 48
117 160
36 66
168 213
67 220
68 207
14 108
20 162
7 237
123 241
73 201
11 248
94 125
54 76
111 228
142 175
169 228
150 249
74 187
214 237
178 239
20 96
157 173
230 244
20 86
188 217
109 234
165 195
85 133
69 86
87 179
3 29
191 224
45 120
7 137
44 111
194 223
48 128
10 213
25 138
152 241
146 251
32 168
60 83
196 214
212 243
2 85
50 253
75 96
51 93
70 107
107 235
150 240
217 240
45 236
215 221
54 220
96 219
2 233
142 217
68 116
30 141
104 143
28 166
27 36
62 122
92 122
60 106
38 236
159 187
133 185
170 196
160 209
59 82
0 65
56 90
14 78
121 216
44 61
49 142
73 196
66 135
90 141
9 69
55 223
96 213
86 90
107 178
36 166
66 186
147 229
177 193
11 220
110 155
79 192
23 166
82 198
69 201
15 119
45 233
10 249
178 187
111 170
27 181
145 204
142 253
34 144
75 131
76 241
62 160
47 55
143 243
45 214
96 183
51 247
167 234
79 142
91 102
2 159
179 241
46 235
134 218
64 158
124 133
10 172
104 160
5 121
23 208
26 227
210 213
17 66
151 192
11 118
23 136
34 253
170 205
26 213
44 218
34 53
124 180
92 235
17 137
58 167
101 218
96 147
11 137
85 197
30 219
81 173
88 133
116 171
28 217
105 215
184 214
16 179
140 196
60 177
40 65
126 222
133 219
46 120
18 67
79 155
72 182
140 235
92 141
86 210
19 175
54 106
26 247
68 210
25 42
13 225
93 167
63 157
11 47
33 97
46 105
74 184
71 183
19 24
0 164
224 229
71 93
26 144
42 185
72 168
39 122
36 202
52 59
61 63
34 192
9 224
233 240
130 135
36 173
52 246
64 131
48 86
193 230
6 219
103 239
155 199
92 110
40 90
65 212
49 117
30 204
9 101
50 122
87 118
221 252
112 243
104 168
6 30
3 171
82 125
180 191
18 58
113 136
12 230
34 40
35 248
106 126
228 235
229 251
140 149
39 247
72 230
87 95
154 221
32 33
235 243
17 33
60 233
120 215
193 201
27 211
184 226
128 213
132 219
179 215
135 239
20 104
66 120
136 250
56 98
153 199
21 38
86 221
68 147
176 199
23 149
20 65
212 220
128 154
90 243
161 192
98 177
102 171
168 190
115 241
140 214
55 86
9 248
129 183
12 182
178 184
30 240
137 207
113 158
100 189
42 96
41 203
177 192
12 27
165 170
6 116
55 64
19 101
53 123
9 72
55 201
71 224
26 54
32 46
100 188
45 179
145 232
5 212
192 208
174 188
85 140
165 181
80 142
3 85
176 194
203 252
102 231
25 133
71 184
37 84
9 90
33 164
43 254
53 119
65 206
40 233
136 241
66 142
100 122
161 250
209 251
36 187
15 187
31 206
83 114
44 184
118 235
201 252
15 242
174 247
72 192
3 144
51 63
89 123
69 83
36 242
66 129
190 225
35 203
96 225
136 216
154 157
58 94
9 27
29 250
78 252
109 133
10 170
40 208
118 184
183 253
21 27
86 190
176 248
74 112
206 211
15 180
17 116
22 89
201 221
90 188
45 149
41 231
136 156
136 212
162 232
80 227
41 246
95 229
7 106
63 89
77 161
152 163
12 87
3 227
178 247
207 243
72 206
37 101
22 94
175 239
23 165
72 236
177 220
26 82
99 187
248 249
217 224
30 165
133 178
51 132
136 220
37 133
79 144
4 25
2 57
18 154
73 188
67 88
230 235
145 181
3 54
13 86
47 104
90 212
20 254
20 51
66 161
42 60
51 217
34 56
89 113
59 139
48 237
73 141
208 229
51 169
21 52
67 225
113 118
115 250
108 172
38 213
96 164
124 210
41 79
133 192
117 134
21 234
93 206
50 225
73 101
40 88
40 193
64 132
9 67
47 168
148 199
230 231
5 235
28 196
219 239
22 73
99 118
176 223
155 192
23 225
111 160
153 223
163 248
78 91
157 165
160 200
10 248
119 248
79 135
47 175
145 164
86 177
113 154
38 149
157 229
105 229
140 189
61 203
4 251
99 238
